0.00000 -0.07302
0.00202 -0.07228
0.00415 -0.07150
0.00641 -0.07070
0.00879 -0.06987
0.01130 -0.06900
0.01394 -0.06811
0.01671 -0.06719
0.01962 -0.06624
0.02266 -0.06527
0.02585 -0.06427
0.02918 -0.06325
0.03265 -0.06221
0.03628 -0.06116
0.04005 -0.06008
0.04398 -0.05899
0.04806 -0.05789
0.05230 -0.05677
0.05670 -0.05565
0.06126 -0.05452
0.06598 -0.05339
0.07086 -0.05225
0.07591 -0.05111
0.08113 -0.04997
0.08652 -0.04883
0.09208 -0.04769
0.09780 -0.04656
0.10370 -0.04544
0.10978 -0.04433
0.11603 -0.04323
0.12245 -0.04213
0.12905 -0.04106
0.13583 -0.03999
0.14279 -0.03894
0.14992 -0.03790
0.15724 -0.03688
0.16474 -0.03588
0.17241 -0.03490
0.18027 -0.03393
0.18831 -0.03298
0.19653 -0.03206
0.20494 -0.03115
0.21352 -0.03026
0.22229 -0.02939
0.23124 -0.02854
0.24038 -0.02771
0.24970 -0.02690
0.25919 -0.02611
0.26887 -0.02534
0.27874 -0.02459
0.28878 -0.02385
0.29901 -0.02314
0.30941 -0.02245
0.32000 -0.02177
0.33076 -0.02111
0.34171 -0.02047
0.35283 -0.01985
0.36413 -0.01924
0.37561 -0.01865
0.38726 -0.01807
0.39909 -0.01752
0.41109 -0.01697
0.42327 -0.01644
0.43562 -0.01593
0.44814 -0.01543
0.46083 -0.01494
0.47369 -0.01447
0.48671 -0.01401
0.49991 -0.01356
0.51326 -0.01312
0.52678 -0.01269
0.54047 -0.01228
0.55431 -0.01188
0.56831 -0.01148
0.58248 -0.01110
0.59679 -0.01072
0.61126 -0.01036
0.62589 -0.01000
0.64066 -0.00966
0.65559 -0.00932
0.67066 -0.00899
0.68588 -0.00867
0.70124 -0.00835
0.71674 -0.00805
0.73239 -0.00775
0.74817 -0.00745
0.76409 -0.00717
0.78014 -0.00689
0.79632 -0.00662
0.81263 -0.00635
0.82907 -0.00609
0.84564 -0.00583
0.86233 -0.00559
0.87914 -0.00534
0.89607 -0.00510
0.91311 -0.00487
0.93027 -0.00464
0.94754 -0.00442
0.96492 -0.00420
1.00000 -0.00379

