0.00000 0.16696
0.00202 0.16289
0.00415 0.15872
0.00641 0.15446
0.00879 0.15011
0.01130 0.14569
0.01394 0.14121
0.01671 0.13669
0.01962 0.13214
0.02266 0.12757
0.02585 0.12300
0.02918 0.11844
0.03265 0.11390
0.03628 0.10940
0.04005 0.10494
0.04398 0.10054
0.04806 0.09620
0.05230 0.09195
0.05670 0.08778
0.06126 0.08371
0.06598 0.07974
0.07086 0.07588
0.07591 0.07213
0.08113 0.06850
0.08652 0.06500
0.09208 0.06162
0.09780 0.05836
0.10370 0.05523
0.10978 0.05223
0.11603 0.04936
0.12245 0.04661
0.12905 0.04399
0.13583 0.04149
0.14279 0.03912
0.14992 0.03686
0.15724 0.03471
0.16474 0.03268
0.17241 0.03076
0.18027 0.02894
0.18831 0.02722
0.19653 0.02560
0.20494 0.02407
0.21352 0.02263
0.22229 0.02127
0.23124 0.02000
0.24038 0.01880
0.24970 0.01767
0.25919 0.01661
0.26887 0.01562
0.27874 0.01469
0.28878 0.01382
0.29901 0.01300
0.30941 0.01223
0.32000 0.01151
0.33076 0.01084
0.34171 0.01021
0.35283 0.00962
0.36413 0.00907
0.37561 0.00855
0.38726 0.00807
0.39909 0.00762
0.41109 0.00720
0.42327 0.00680
0.43562 0.00643
0.44814 0.00609
0.46083 0.00576
0.47369 0.00546
0.48671 0.00518
0.49991 0.00491
0.51326 0.00466
0.52678 0.00443
0.54047 0.00421
0.55431 0.00401
0.56831 0.00382
0.58248 0.00364
0.59679 0.00347
0.61126 0.00331
0.62589 0.00317
0.64066 0.00303
0.65559 0.00290
0.67066 0.00278
0.68588 0.00266
0.70124 0.00256
0.71674 0.00246
0.73239 0.00236
0.74817 0.00228
0.76409 0.00219
0.78014 0.00212
0.79632 0.00205
0.81263 0.00198
0.82907 0.00191
0.84564 0.00186
0.86233 0.00180
0.87914 0.00175
0.89607 0.00170
0.91311 0.00165
0.93027 0.00161
0.94754 0.00157
0.96492 0.00154
1.00000 0.00147

