7.10557 6.35777 8.73167
7.14277 6.47929 8.76416
7.18086 6.61169 8.79629
7.21951 6.75512 8.82811
7.25844 6.90975 8.85966
7.29737 7.07569 8.89099
7.33607 7.25309 8.92216
7.37430 7.44209 8.95321
7.41184 7.64280 8.98420
7.44850 7.85535 9.01517
7.48408 8.07987 9.04616
7.51841 8.31646 9.07722
7.55131 8.56525 9.10839
7.58263 8.82634 9.13972
7.61222 9.09983 9.17124
7.63992 9.38584 9.20298
7.66560 9.68446 9.23499
7.68913 9.99578 9.26730
7.71037 10.31990 9.29995
7.72921 10.65691 9.33296
7.74553 11.00688 9.36637
7.75920 11.36990 9.40020
7.77013 11.74604 9.43449
7.77821 12.13538 9.46926
7.78333 12.53797 9.50454
7.78539 12.95389 9.54035
7.78430 13.38319 9.57672
7.77997 13.82592 9.61366
7.77230 14.28213 9.65121
7.76121 14.75187 9.68939
7.74662 15.23518 9.72820
7.72844 15.73209 9.76768
7.70659 16.24263 9.80784
7.68101 16.76684 9.84870
7.65161 17.30473 9.89028
7.61832 17.85633 9.93259
7.58108 18.42164 9.97564
7.53982 19.00068 10.01947
7.49447 19.59344 10.06407
7.44498 20.19994 10.10946
7.39128 20.82016 10.15565
7.33331 21.45411 10.20267
7.27103 22.10176 10.25051
7.20436 22.76310 10.29919
7.13328 23.43811 10.34873
7.05772 24.12676 10.39912
6.97763 24.82903 10.45039
6.89298 25.54488 10.50253
6.80372 26.27427 10.55556
6.70980 27.01717 10.60949
6.61119 27.77352 10.66433
6.50785 28.54328 10.72007
6.39975 29.32639 10.77673
6.28684 30.12280 10.83431
6.16910 30.93244 10.89283
6.04650 31.75525 10.95227
5.91900 32.59117 11.01266
5.78659 33.44011 11.07399
5.64923 34.30200 11.13626
5.50691 35.17677 11.19949
5.35959 36.06432 11.26367
5.20726 36.96458 11.32880
5.04991 37.87744 11.39490
4.88751 38.80282 11.46195
4.72005 39.74062 11.52996
4.54752 40.69073 11.59894
4.36990 41.65306 11.66888
4.18719 42.62749 11.73979
3.99937 43.61391 11.81165
3.80644 44.61222 11.88448
3.60840 45.62228 11.95827
3.40523 46.64399 12.03303
3.19694 47.67722 12.10874
2.98352 48.72183 12.18541
2.76498 49.77771 12.26304
2.54132 50.84472 12.34162
2.31254 51.92272 12.42115
2.07864 53.01158 12.50162
1.83964 54.11115 12.58305
1.59553 55.22129 12.66541
1.34634 56.34186 12.74871
1.09207 57.47270 12.83294
0.83272 58.61367 12.91810
0.56832 59.76460 13.00418
0.29889 60.92535 13.09118
0.02442 62.09575 13.17909
-0.25505 63.27564 13.26791
-0.53951 64.46486 13.35763
-0.82894 65.66324 13.44824
-1.12331 66.87062 13.53975
-1.42261 68.08682 13.63213
-1.72682 69.31166 13.72539
-2.03589 70.54499 13.81952
-2.34982 71.78660 13.91450
-2.66857 73.03634 14.01034
-2.99212 74.29402 14.10702
-3.32043 75.55945 14.20454
-3.65348 76.83244 14.30289
-3.99122 78.11283 14.40206
-4.68068 80.69498 14.60282

