0.33333 0.93333 0.13333
0.33110 0.93422 0.13267
0.32888 0.93510 0.13200
0.32666 0.93597 0.13135
0.32446 0.93683 0.13070
0.32227 0.93767 0.13006
0.32009 0.93850 0.12943
0.31792 0.93933 0.12881
0.31576 0.94014 0.12819
0.31361 0.94094 0.12758
0.31148 0.94173 0.12697
0.30935 0.94251 0.12637
0.30723 0.94329 0.12578
0.30513 0.94405 0.12520
0.30303 0.94480 0.12462
0.30095 0.94554 0.12405
0.29887 0.94627 0.12348
0.29681 0.94699 0.12292
0.29475 0.94771 0.12236
0.29271 0.94841 0.12182
0.29067 0.94911 0.12127
0.28865 0.94979 0.12074
0.28663 0.95047 0.12021
0.28463 0.95114 0.11968
0.28263 0.95180 0.11916
0.28065 0.95245 0.11865
0.27868 0.95309 0.11814
0.27671 0.95373 0.11764
0.27475 0.95435 0.11714
0.27281 0.95497 0.11665
0.27087 0.95558 0.11616
0.26895 0.95618 0.11568
0.26703 0.95678 0.11520
0.26512 0.95737 0.11473
0.26322 0.95795 0.11426
0.26133 0.95852 0.11380
0.25945 0.95908 0.11334
0.25758 0.95964 0.11289
0.25572 0.96019 0.11244
0.25387 0.96073 0.11200
0.25202 0.96127 0.11156
0.25019 0.96180 0.11113
0.24836 0.96232 0.11070
0.24655 0.96284 0.11028
0.24474 0.96335 0.10986
0.24294 0.96385 0.10944
0.24115 0.96434 0.10903
0.23937 0.96483 0.10862
0.23759 0.96532 0.10822
0.23583 0.96579 0.10782
0.23407 0.96627 0.10742
0.23233 0.96673 0.10703
0.23059 0.96719 0.10665
0.22886 0.96764 0.10627
0.22713 0.96809 0.10589
0.22542 0.96853 0.10551
0.22371 0.96897 0.10514
0.22202 0.96940 0.10477
0.22033 0.96982 0.10441
0.21865 0.97024 0.10405
0.21697 0.97065 0.10370
0.21531 0.97106 0.10334
0.21365 0.97147 0.10299
0.21200 0.97186 0.10265
0.21036 0.97226 0.10231
0.20873 0.97264 0.10197
0.20710 0.97303 0.10164
0.20548 0.97340 0.10130
0.20387 0.97378 0.10098
0.20227 0.97414 0.10065
0.20068 0.97451 0.10033
0.19909 0.97486 0.10001
0.19751 0.97522 0.09970
0.19594 0.97557 0.09939
0.19437 0.97591 0.09908
0.19281 0.97625 0.09877
0.19126 0.97659 0.09847
0.18972 0.97692 0.09817
0.18818 0.97725 0.09787
0.18665 0.97757 0.09758
0.18513 0.97789 0.09729
0.18362 0.97820 0.09700
0.18211 0.97851 0.09672
0.18061 0.97882 0.09643
0.17912 0.97912 0.09616
0.17763 0.97942 0.09588
0.17615 0.97971 0.09561
0.17468 0.98000 0.09533
0.17321 0.98029 0.09507
0.17175 0.98057 0.09480
0.17030 0.98085 0.09454
0.16885 0.98112 0.09428
0.16741 0.98139 0.09402
0.16598 0.98166 0.09376
0.16456 0.98193 0.09351
0.16314 0.98219 0.09326
0.16172 0.98244 0.09301
0.16032 0.98270 0.09277
0.15892 0.98295 0.09252
0.15752 0.98319 0.09228
0.15614 0.98344 0.09205
0.15475 0.98368 0.09181
0.15338 0.98391 0.09158
0.15201 0.98415 0.09134
0.15065 0.98438 0.09112
0.14929 0.98461 0.09089
0.14794 0.98483 0.09066
0.14660 0.98505 0.09044
0.14526 0.98527 0.09022
0.14393 0.98549 0.09000
0.14260 0.98570 0.08979
0.14128 0.98591 0.08957
0.13997 0.98612 0.08936
0.13866 0.98632 0.08915
0.13736 0.98652 0.08894
0.13606 0.98672 0.08874
0.13477 0.98691 0.08853
0.13348 0.98711 0.08833
0.13220 0.98730 0.08813
0.13093 0.98748 0.08793
0.12966 0.98767 0.08774
0.12840 0.98785 0.08754
0.12714 0.98803 0.08735
0.12589 0.98821 0.08716
0.12464 0.98838 0.08697
0.12340 0.98856 0.08678
0.12216 0.98872 0.08660
0.12093 0.98889 0.08641
0.11971 0.98906 0.08623
0.11849 0.98922 0.08605
0.11727 0.98938 0.08587
0.11606 0.98954 0.08570
0.11486 0.98969 0.08552
0.11366 0.98985 0.08535
0.11247 0.99000 0.08518
0.11128 0.99015 0.08501
0.11010 0.99029 0.08484
0.10892 0.99044 0.08467
0.10774 0.99058 0.08451
0.10658 0.99072 0.08434
0.10541 0.99086 0.08418
0.10425 0.99100 0.08402
0.10310 0.99113 0.08386
0.10195 0.99126 0.08370
0.10081 0.99139 0.08355
0.09967 0.99152 0.08339
0.09854 0.99165 0.08324
0.09741 0.99177 0.08309
0.09628 0.99189 0.08294
0.09516 0.99201 0.08279
0.09405 0.99213 0.08264
0.09294 0.99225 0.08250
0.09183 0.99236 0.08235
0.09073 0.99248 0.08221
0.08963 0.99259 0.08207
0.08854 0.99270 0.08193
0.08745 0.99281 0.08179
0.08637 0.99291 0.08165
0.08529 0.99302 0.08151
0.08422 0.99312 0.08138
0.08315 0.99322 0.08124
0.08208 0.99332 0.08111
0.08102 0.99342 0.08098
0.07996 0.99351 0.08085
0.07891 0.99361 0.08072
0.07786 0.99370 0.08059
0.07682 0.99379 0.08046
0.07578 0.99388 0.08034
0.07474 0.99397 0.08021
0.07371 0.99406 0.08009
0.07268 0.99414 0.07997
0.07166 0.99423 0.07985
0.07064 0.99431 0.07973
0.06963 0.99439 0.07961
0.06861 0.99447 0.07949
0.06761 0.99455 0.07937
0.06661 0.99463 0.07926
0.06561 0.99470 0.07914
0.06461 0.99478 0.07903
0.06362 0.99485 0.07892
0.06263 0.99492 0.07880
0.06165 0.99499 0.07869
0.06067 0.99506 0.07859
0.05970 0.99513 0.07848
0.05872 0.99519 0.07837
0.05776 0.99526 0.07826
0.05679 0.99532 0.07816
0.05583 0.99538 0.07805
0.05488 0.99545 0.07795
0.05392 0.99551 0.07785
0.05298 0.99556 0.07775
0.05203 0.99562 0.07765
0.05109 0.99568 0.07755
0.05015 0.99573 0.07745
0.04922 0.99579 0.07735
0.04829 0.99584 0.07725
0.04736 0.99589 0.07716
0.04644 0.99594 0.07706
0.04552 0.99599 0.07697
0.04460 0.99604 0.07688
0.04369 0.99609 0.07678
0.04278 0.99614 0.07669
0.04187 0.99618 0.07660
0.04097 0.99623 0.07651
0.04007 0.99627 0.07642
0.03917 0.99631 0.07633
0.03828 0.99635 0.07625
0.03739 0.99639 0.07616
0.03651 0.99643 0.07607
0.03562 0.99647 0.07599
0.03474 0.99651 0.07590
0.03387 0.99655 0.07582
0.03300 0.99658 0.07574
0.03213 0.99662 0.07566
0.03126 0.99665 0.07558
0.03040 0.99668 0.07550
0.02954 0.99671 0.07542
0.02868 0.99675 0.07534
0.02783 0.99678 0.07526
0.02698 0.99680 0.07518
0.02613 0.99683 0.07510
0.02529 0.99686 0.07503
0.02445 0.99689 0.07495
0.02361 0.99691 0.07488
0.02278 0.99694 0.07481
0.02194 0.99696 0.07473
0.02112 0.99699 0.07466
0.02029 0.99701 0.07459
0.01947 0.99703 0.07452
0.01865 0.99705 0.07445
0.01783 0.99707 0.07438
0.01702 0.99709 0.07431
0.01621 0.99711 0.07424
0.01540 0.99713 0.07417
0.01459 0.99714 0.07410
0.01379 0.99716 0.07404
0.01299 0.99718 0.07397
0.01220 0.99719 0.07391
0.01140 0.99720 0.07384
0.01061 0.99722 0.07378
0.00983 0.99723 0.07371
0.00904 0.99724 0.07365
0.00826 0.99725 0.07359
0.00748 0.99727 0.07353
0.00670 0.99728 0.07346
0.00593 0.99728 0.07340
0.00516 0.99729 0.07334
0.00439 0.99730 0.07328
0.00362 0.99731 0.07323
0.00286 0.99732 0.07317
0.00210 0.99732 0.07311
0.00134 0.99733 0.07305
0.00059 0.99733 0.07299
-0.00017 0.99734 0.07294
-0.00092 0.99734 0.07288
-0.00166 0.99734 0.07283
-0.00241 0.99735 0.07277
-0.00315 0.99735 0.07272
-0.00389 0.99735 0.07267
-0.00463 0.99735 0.07261
-0.00536 0.99735 0.07256
-0.00609 0.99735 0.07251
-0.00682 0.99735 0.07246
-0.00755 0.99735 0.07241
-0.00828 0.99734 0.07235
-0.00900 0.99734 0.07230
-0.00972 0.99734 0.07226
-0.01044 0.99734 0.07221
-0.01115 0.99733 0.07216
-0.01186 0.99733 0.07211
-0.01257 0.99732 0.07206
-0.01328 0.99732 0.07201
-0.01399 0.99731 0.07197
-0.01469 0.99730 0.07192
-0.01539 0.99729 0.07188
-0.01609 0.99729 0.07183
-0.01678 0.99728 0.07178
-0.01748 0.99727 0.07174
-0.01817 0.99726 0.07170
-0.01886 0.99725 0.07165
-0.01955 0.99724 0.07161
-0.02023 0.99723 0.07157
-0.02091 0.99722 0.07152
-0.02159 0.99721 0.07148
-0.02227 0.99720 0.07144
-0.02295 0.99718 0.07140
-0.02362 0.99717 0.07136
-0.02429 0.99716 0.07132
-0.02496 0.99714 0.07128
-0.02563 0.99713 0.07124
-0.02629 0.99712 0.07120
-0.02695 0.99710 0.07116
-0.02761 0.99709 0.07112
-0.02827 0.99707 0.07108
-0.02893 0.99705 0.07105
-0.02958 0.99704 0.07101
-0.03024 0.99702 0.07097
-0.03089 0.99700 0.07094
-0.03153 0.99698 0.07090
-0.03218 0.99697 0.07086
-0.03282 0.99695 0.07083
-0.03346 0.99693 0.07079
-0.03410 0.99691 0.07076
-0.03474 0.99689 0.07072
-0.03538 0.99687 0.07069
-0.03601 0.99685 0.07066
-0.03664 0.99683 0.07062
-0.03727 0.99681 0.07059
-0.03790 0.99679 0.07056
-0.03853 0.99677 0.07052
-0.03915 0.99674 0.07049
-0.03977 0.99672 0.07046
-0.04039 0.99670 0.07043
-0.04101 0.99668 0.07040
-0.04163 0.99665 0.07037
-0.04224 0.99663 0.07034
-0.04285 0.99660 0.07031
-0.04346 0.99658 0.07028
-0.04407 0.99656 0.07025
-0.04468 0.99653 0.07022
-0.04528 0.99651 0.07019
-0.04588 0.99648 0.07016
-0.04649 0.99645 0.07013
-0.04709 0.99643 0.07011
-0.04768 0.99640 0.07008
-0.04828 0.99637 0.07005
-0.04887 0.99635 0.07002
-0.04946 0.99632 0.07000
-0.05005 0.99629 0.06997
-0.05064 0.99626 0.06995
-0.05123 0.99624 0.06992
-0.05181 0.99621 0.06989
-0.05240 0.99618 0.06987
-0.05298 0.99615 0.06984
-0.05356 0.99612 0.06982
-0.05414 0.99609 0.06980
-0.05471 0.99606 0.06977
-0.05529 0.99603 0.06975
-0.05586 0.99600 0.06972
-0.05643 0.99597 0.06970
-0.05700 0.99594 0.06968
-0.05757 0.99591 0.06965
-0.05813 0.99588 0.06963
-0.05870 0.99585 0.06961
-0.05926 0.99581 0.06959
-0.05982 0.99578 0.06957
-0.06038 0.99575 0.06954
-0.06094 0.99572 0.06952
-0.06149 0.99568 0.06950
-0.06205 0.99565 0.06948
-0.06260 0.99562 0.06946
-0.06315 0.99559 0.06944
-0.06370 0.99555 0.06942
-0.06425 0.99552 0.06940
-0.06480 0.99548 0.06938
-0.06534 0.99545 0.06936
-0.06589 0.99541 0.06934
-0.06643 0.99538 0.06932
-0.06697 0.99535 0.06930
-0.06751 0.99531 0.06929
-0.06804 0.99527 0.06927
-0.06858 0.99524 0.06925
-0.06911 0.99520 0.06923
-0.06965 0.99517 0.06922
-0.07018 0.99513 0.06920
-0.07071 0.99510 0.06918
-0.07124 0.99506 0.06916
-0.07176 0.99502 0.06915
-0.07229 0.99499 0.06913
-0.07281 0.99495 0.06911
-0.07333 0.99491 0.06910
-0.07385 0.99487 0.06908
-0.07437 0.99484 0.06907
-0.07489 0.99480 0.06905
-0.07541 0.99476 0.06904
-0.07592 0.99472 0.06902
-0.07644 0.99468 0.06901
-0.07695 0.99465 0.06899
-0.07746 0.99461 0.06898
-0.07797 0.99457 0.06896
-0.07848 0.99453 0.06895
-0.07898 0.99449 0.06894
-0.07949 0.99445 0.06892
-0.07999 0.99441 0.06891
-0.08050 0.99437 0.06890
-0.08100 0.99433 0.06888
-0.08150 0.99429 0.06887
-0.08199 0.99425 0.06886
-0.08249 0.99421 0.06884
-0.08299 0.99417 0.06883
-0.08348 0.99413 0.06882
-0.08397 0.99409 0.06881
-0.08447 0.99405 0.06880
-0.08496 0.99401 0.06878
-0.08545 0.99397 0.06877
-0.08593 0.99393 0.06876
-0.08642 0.99388 0.06875
-0.08690 0.99384 0.06874
-0.08739 0.99380 0.06873
-0.08787 0.99376 0.06872
-0.08835 0.99372 0.06871
-0.08883 0.99367 0.06870
-0.08931 0.99363 0.06869
-0.08979 0.99359 0.06868
-0.09027 0.99355 0.06867
-0.09074 0.99351 0.06866
-0.09121 0.99346 0.06865
-0.09169 0.99342 0.06864
-0.09216 0.99338 0.06863
-0.09263 0.99333 0.06862
-0.09310 0.99329 0.06861
-0.09356 0.99325 0.06860
-0.09403 0.99320 0.06860
-0.09450 0.99316 0.06859
-0.09496 0.99312 0.06858
-0.09542 0.99307 0.06857
-0.09588 0.99303 0.06856
-0.09634 0.99298 0.06856
-0.09680 0.99294 0.06855
-0.09726 0.99290 0.06854
-0.09772 0.99285 0.06853
-0.09817 0.99281 0.06853
-0.09863 0.99276 0.06852
-0.09908 0.99272 0.06851
-0.09953 0.99267 0.06851
-0.09998 0.99263 0.06850
-0.10043 0.99258 0.06849
-0.10088 0.99254 0.06849
-0.10133 0.99249 0.06848
-0.10178 0.99245 0.06847
-0.10222 0.99240 0.06847
-0.10267 0.99236 0.06846
-0.10311 0.99231 0.06846
-0.10355 0.99227 0.06845
-0.10399 0.99222 0.06845
-0.10443 0.99217 0.06844
-0.10487 0.99213 0.06844
-0.10531 0.99208 0.06843
-0.10575 0.99204 0.06843
-0.10618 0.99199 0.06842
-0.10662 0.99194 0.06842
-0.10705 0.99190 0.06841
-0.10748 0.99185 0.06841
-0.10791 0.99180 0.06840
-0.10834 0.99176 0.06840
-0.10877 0.99171 0.06840
-0.10920 0.99166 0.06839
-0.10963 0.99162 0.06839
-0.11005 0.99157 0.06838
-0.11048 0.99152 0.06838
-0.11090 0.99148 0.06838
-0.11133 0.99143 0.06837
-0.11175 0.99138 0.06837
-0.11217 0.99133 0.06837
-0.11259 0.99129 0.06837
-0.11301 0.99124 0.06836
-0.11343 0.99119 0.06836
-0.11384 0.99114 0.06836
-0.11426 0.99110 0.06835
-0.11467 0.99105 0.06835
-0.11509 0.99100 0.06835
-0.11550 0.99095 0.06835
-0.11591 0.99091 0.06835
-0.11632 0.99086 0.06834
-0.11673 0.99081 0.06834
-0.11714 0.99076 0.06834
-0.11755 0.99071 0.06834
-0.11796 0.99066 0.06834
-0.11836 0.99062 0.06834
-0.11877 0.99057 0.06833
-0.11917 0.99052 0.06833
-0.11958 0.99047 0.06833
-0.11998 0.99042 0.06833
-0.12038 0.99037 0.06833
-0.12078 0.99032 0.06833
-0.12118 0.99028 0.06833
-0.12158 0.99023 0.06833
-0.12198 0.99018 0.06833
-0.12238 0.99013 0.06833
-0.12277 0.99008 0.06833
-0.12317 0.99003 0.06833
-0.12356 0.98998 0.06833
-0.12395 0.98993 0.06833
-0.12435 0.98988 0.06833
-0.12474 0.98983 0.06833
-0.12513 0.98978 0.06833
-0.12552 0.98974 0.06833
-0.12591 0.98969 0.06833
-0.12629 0.98964 0.06833
-0.12668 0.98959 0.06833
-0.12707 0.98954 0.06833
-0.12745 0.98949 0.06833
-0.12784 0.98944 0.06833
-0.12822 0.98939 0.06833
-0.12860 0.98934 0.06833
-0.12899 0.98929 0.06834
-0.12937 0.98924 0.06834
-0.12975 0.98919 0.06834
-0.13013 0.98914 0.06834
-0.13051 0.98909 0.06834
-0.13088 0.98904 0.06834
-0.13126 0.98899 0.06834
-0.13164 0.98894 0.06835
-0.13201 0.98889 0.06835
-0.13239 0.98884 0.06835
-0.13276 0.98879 0.06835
-0.13313 0.98874 0.06835
-0.13350 0.98869 0.06836
-0.13388 0.98864 0.06836
-0.13425 0.98859 0.06836
-0.13462 0.98854 0.06836
-0.13498 0.98849 0.06837
-0.13535 0.98844 0.06837
-0.13572 0.98839 0.06837
-0.13609 0.98833 0.06837
-0.13645 0.98828 0.06838
-0.13682 0.98823 0.06838
-0.13718 0.98818 0.06838
-0.13754 0.98813 0.06839
-0.13791 0.98808 0.06839
-0.13827 0.98803 0.06839
-0.13863 0.98798 0.06840
-0.13899 0.98793 0.06840
-0.13935 0.98788 0.06840
-0.13971 0.98783 0.06841
-0.14006 0.98778 0.06841
-0.14042 0.98773 0.06841
-0.14078 0.98767 0.06842
-0.14113 0.98762 0.06842
-0.14149 0.98757 0.06842
-0.14184 0.98752 0.06843
-0.14220 0.98747 0.06843
-0.14255 0.98742 0.06844
-0.14290 0.98737 0.06844
-0.14325 0.98732 0.06844
-0.14360 0.98727 0.06845
-0.14395 0.98721 0.06845
-0.14430 0.98716 0.06846
-0.14465 0.98711 0.06846
-0.14500 0.98706 0.06847
-0.14534 0.98701 0.06847
-0.14569 0.98696 0.06847
-0.14604 0.98691 0.06848
-0.14638 0.98685 0.06848
-0.14672 0.98680 0.06849
-0.14707 0.98675 0.06849
-0.14741 0.98670 0.06850
-0.14775 0.98665 0.06850
-0.14809 0.98660 0.06851
-0.14843 0.98655 0.06851
-0.14877 0.98649 0.06852
-0.14911 0.98644 0.06852
-0.14945 0.98639 0.06853
-0.14979 0.98634 0.06854
-0.15013 0.98629 0.06854
-0.15046 0.98624 0.06855
-0.15080 0.98618 0.06855
-0.15114 0.98613 0.06856
-0.15147 0.98608 0.06856
-0.15180 0.98603 0.06857
-0.15214 0.98598 0.06857
-0.15247 0.98593 0.06858
-0.15280 0.98587 0.06859
-0.15313 0.98582 0.06859
-0.15346 0.98577 0.06860
-0.15379 0.98572 0.06860
-0.15412 0.98567 0.06861
-0.15445 0.98561 0.06862
-0.15478 0.98556 0.06862
-0.15511 0.98551 0.06863
-0.15543 0.98546 0.06864
-0.15576 0.98541 0.06864
-0.15609 0.98536 0.06865
-0.15641 0.98530 0.06865
-0.15674 0.98525 0.06866
-0.15706 0.98520 0.06867
-0.15738 0.98515 0.06867
-0.15770 0.98510 0.06868
-0.15803 0.98504 0.06869
-0.15835 0.98499 0.06869
-0.15867 0.98494 0.06870
-0.15899 0.98489 0.06871
-0.15931 0.98483 0.06872
-0.15963 0.98478 0.06872
-0.15994 0.98473 0.06873
-0.16026 0.98468 0.06874
-0.16058 0.98463 0.06874
-0.16090 0.98457 0.06875
-0.16121 0.98452 0.06876
-0.16153 0.98447 0.06877
-0.16184 0.98442 0.06877
-0.16216 0.98437 0.06878
-0.16247 0.98431 0.06879
-0.16278 0.98426 0.06880
-0.16309 0.98421 0.06880
-0.16341 0.98416 0.06881
-0.16372 0.98410 0.06882
-0.16403 0.98405 0.06883
-0.16434 0.98400 0.06883
-0.16465 0.98395 0.06884
-0.16496 0.98390 0.06885
-0.16526 0.98384 0.06886
-0.16557 0.98379 0.06886
-0.16588 0.98374 0.06887
-0.16619 0.98369 0.06888
-0.16649 0.98363 0.06889
-0.16680 0.98358 0.06890
-0.16710 0.98353 0.06890
-0.16741 0.98348 0.06891
-0.16771 0.98342 0.06892
-0.16801 0.98337 0.06893
-0.16832 0.98332 0.06894
-0.16862 0.98327 0.06895
-0.16892 0.98321 0.06895
-0.16922 0.98316 0.06896
-0.16952 0.98311 0.06897
-0.16982 0.98306 0.06898
-0.17012 0.98301 0.06899
-0.17042 0.98295 0.06900
-0.17072 0.98290 0.06901
-0.17102 0.98285 0.06901
-0.17132 0.98280 0.06902
-0.17161 0.98274 0.06903
-0.17191 0.98269 0.06904
-0.17221 0.98264 0.06905
-0.17250 0.98259 0.06906
-0.17280 0.98253 0.06907
-0.17309 0.98248 0.06908
-0.17338 0.98243 0.06909
-0.17368 0.98238 0.06909
-0.17397 0.98232 0.06910
-0.17426 0.98227 0.06911
-0.17455 0.98222 0.06912
-0.17485 0.98217 0.06913
-0.17514 0.98211 0.06914
-0.17543 0.98206 0.06915
-0.17572 0.98201 0.06916
-0.17601 0.98196 0.06917
-0.17630 0.98190 0.06918
-0.17658 0.98185 0.06919
-0.17687 0.98180 0.06920
-0.17716 0.98175 0.06921
-0.17745 0.98169 0.06921
-0.17773 0.98164 0.06922
-0.17802 0.98159 0.06923
-0.17830 0.98154 0.06924
-0.17859 0.98148 0.06925
-0.17887 0.98143 0.06926
-0.17916 0.98138 0.06927
-0.17944 0.98133 0.06928
-0.17973 0.98127 0.06929
-0.18001 0.98122 0.06930
-0.18029 0.98117 0.06931
-0.18057 0.98112 0.06932
-0.18085 0.98106 0.06933
-0.18113 0.98101 0.06934
-0.18141 0.98096 0.06935
-0.18169 0.98091 0.06936
-0.18197 0.98085 0.06937
-0.18225 0.98080 0.06938
-0.18253 0.98075 0.06939
-0.18281 0.98070 0.06940
-0.18309 0.98064 0.06941
-0.18336 0.98059 0.06942
-0.18364 0.98054 0.06943
-0.18392 0.98049 0.06944
-0.18419 0.98043 0.06945
-0.18447 0.98038 0.06946
-0.18474 0.98033 0.06947
-0.18502 0.98028 0.06948
-0.18529 0.98022 0.06949
-0.18557 0.98017 0.06951
-0.18584 0.98012 0.06952
-0.18611 0.98007 0.06953
-0.18639 0.98001 0.06954
-0.18666 0.97996 0.06955
-0.18693 0.97991 0.06956
-0.18720 0.97986 0.06957
-0.18747 0.97980 0.06958
-0.18774 0.97975 0.06959
-0.18801 0.97970 0.06960
-0.18828 0.97965 0.06961
-0.18855 0.97959 0.06962
-0.18882 0.97954 0.06963
-0.18909 0.97949 0.06964
-0.18935 0.97944 0.06965
-0.18962 0.97938 0.06967
-0.18989 0.97933 0.06968
-0.19016 0.97928 0.06969
-0.19042 0.97923 0.06970
-0.19069 0.97917 0.06971
-0.19095 0.97912 0.06972
-0.19122 0.97907 0.06973
-0.19148 0.97901 0.06974
-0.19175 0.97896 0.06975
-0.19201 0.97891 0.06976
-0.19227 0.97886 0.06978
-0.19254 0.97880 0.06979
-0.19280 0.97875 0.06980
-0.19306 0.97870 0.06981
-0.19332 0.97865 0.06982
-0.19359 0.97860 0.06983
-0.19385 0.97854 0.06984
-0.19411 0.97849 0.06986
-0.19437 0.97844 0.06987
-0.19463 0.97839 0.06988
-0.19489 0.97833 0.06989
-0.19515 0.97828 0.06990
-0.19540 0.97823 0.06991
-0.19566 0.97818 0.06992
-0.19592 0.97812 0.06994
-0.19618 0.97807 0.06995
-0.19644 0.97802 0.06996
-0.19669 0.97797 0.06997
-0.19695 0.97791 0.06998
-0.19721 0.97786 0.06999
-0.19746 0.97781 0.07001
-0.19772 0.97776 0.07002
-0.19797 0.97770 0.07003
-0.19823 0.97765 0.07004
-0.19848 0.97760 0.07005
-0.19873 0.97755 0.07006
-0.19899 0.97749 0.07008
-0.19924 0.97744 0.07009
-0.19949 0.97739 0.07010
-0.19975 0.97734 0.07011
-0.20000 0.97728 0.07012
-0.20025 0.97723 0.07014
-0.20050 0.97718 0.07015
-0.20075 0.97713 0.07016
-0.20100 0.97707 0.07017
-0.20125 0.97702 0.07018
-0.20150 0.97697 0.07020
-0.20175 0.97692 0.07021
-0.20200 0.97686 0.07022
-0.20225 0.97681 0.07023
-0.20250 0.97676 0.07024
-0.20275 0.97671 0.07026
-0.20300 0.97665 0.07027
-0.20324 0.97660 0.07028
-0.20349 0.97655 0.07029
-0.20374 0.97650 0.07031
-0.20399 0.97645 0.07032
-0.20423 0.97639 0.07033
-0.20448 0.97634 0.07034
-0.20472 0.97629 0.07036
-0.20497 0.97624 0.07037
-0.20521 0.97618 0.07038
-0.20546 0.97613 0.07039
-0.20570 0.97608 0.07040
-0.20595 0.97603 0.07042
-0.20619 0.97597 0.07043
-0.20643 0.97592 0.07044
-0.20668 0.97587 0.07045
-0.20692 0.97582 0.07047
-0.20716 0.97576 0.07048
-0.20740 0.97571 0.07049
-0.20765 0.97566 0.07051
-0.20789 0.97561 0.07052
-0.20813 0.97556 0.07053
-0.20837 0.97550 0.07054
-0.20861 0.97545 0.07056
-0.20885 0.97540 0.07057
-0.20909 0.97535 0.07058
-0.20933 0.97529 0.07059
-0.20957 0.97524 0.07061
-0.20981 0.97519 0.07062
-0.21005 0.97514 0.07063
-0.21028 0.97508 0.07065
-0.21052 0.97503 0.07066
-0.21076 0.97498 0.07067
-0.21100 0.97493 0.07068
-0.21123 0.97488 0.07070
-0.21147 0.97482 0.07071
-0.21171 0.97477 0.07072
-0.21194 0.97472 0.07074
-0.21218 0.97467 0.07075
-0.21242 0.97461 0.07076
-0.21265 0.97456 0.07078
-0.21289 0.97451 0.07079
-0.21312 0.97446 0.07080
-0.21335 0.97440 0.07081
-0.21359 0.97435 0.07083
-0.21382 0.97430 0.07084
-0.21406 0.97425 0.07085
-0.21429 0.97420 0.07087
-0.21452 0.97414 0.07088
-0.21476 0.97409 0.07089
-0.21499 0.97404 0.07091
-0.21522 0.97399 0.07092
-0.21545 0.97393 0.07093
-0.21568 0.97388 0.07095
-0.21591 0.97383 0.07096
-0.21615 0.97378 0.07097
-0.21638 0.97373 0.07099
-0.21661 0.97367 0.07100
-0.21684 0.97362 0.07101
-0.21707 0.97357 0.07103
-0.21730 0.97352 0.07104
-0.21753 0.97346 0.07105
-0.21776 0.97341 0.07107
-0.21798 0.97336 0.07108
-0.21821 0.97331 0.07109
-0.21844 0.97326 0.07111
-0.21867 0.97320 0.07112
-0.21890 0.97315 0.07114
-0.21912 0.97310 0.07115
-0.21935 0.97305 0.07116
-0.21958 0.97299 0.07118
-0.21981 0.97294 0.07119
-0.22003 0.97289 0.07120
-0.22026 0.97284 0.07122
-0.22048 0.97279 0.07123
-0.22071 0.97273 0.07124
-0.22094 0.97268 0.07126
-0.22116 0.97263 0.07127
-0.22139 0.97258 0.07129
-0.22161 0.97253 0.07130
-0.22183 0.97247 0.07131
-0.22206 0.97242 0.07133
-0.22228 0.97237 0.07134
-0.22251 0.97232 0.07135
-0.22273 0.97226 0.07137
-0.22295 0.97221 0.07138
-0.22318 0.97216 0.07140
-0.22340 0.97211 0.07141
-0.22362 0.97206 0.07142
-0.22384 0.97200 0.07144
-0.22406 0.97195 0.07145
-0.22429 0.97190 0.07147
-0.22451 0.97185 0.07148
-0.22473 0.97180 0.07149
-0.22495 0.97174 0.07151
-0.22517 0.97169 0.07152
-0.22539 0.97164 0.07154
-0.22561 0.97159 0.07155
-0.22583 0.97153 0.07156
-0.22605 0.97148 0.07158
-0.22627 0.97143 0.07159
-0.22649 0.97138 0.07161
-0.22671 0.97133 0.07162
-0.22693 0.97127 0.07163
-0.22715 0.97122 0.07165
-0.22736 0.97117 0.07166
-0.22758 0.97112 0.07168
-0.22780 0.97107 0.07169
-0.22802 0.97101 0.07171
-0.22823 0.97096 0.07172
-0.22845 0.97091 0.07173
-0.22867 0.97086 0.07175
-0.22889 0.97080 0.07176
-0.22910 0.97075 0.07178
-0.22932 0.97070 0.07179
-0.22953 0.97065 0.07181
-0.22975 0.97060 0.07182
-0.22997 0.97054 0.07183
-0.23018 0.97049 0.07185
-0.23040 0.97044 0.07186
-0.23061 0.97039 0.07188
-0.23083 0.97034 0.07189
-0.23104 0.97028 0.07191
-0.23125 0.97023 0.07192
-0.23147 0.97018 0.07194
-0.23168 0.97013 0.07195
-0.23190 0.97007 0.07196
-0.23211 0.97002 0.07198
-0.23232 0.96997 0.07199
-0.23254 0.96992 0.07201
-0.23275 0.96987 0.07202
-0.23296 0.96981 0.07204
-0.23317 0.96976 0.07205
-0.23339 0.96971 0.07207
-0.23360 0.96966 0.07208
-0.23381 0.96961 0.07210
-0.23402 0.96955 0.07211
-0.23423 0.96950 0.07213
-0.23444 0.96945 0.07214
-0.23465 0.96940 0.07215
-0.23486 0.96935 0.07217
-0.23507 0.96929 0.07218
-0.23529 0.96924 0.07220
-0.23550 0.96919 0.07221
-0.23570 0.96914 0.07223
-0.23591 0.96908 0.07224
-0.23612 0.96903 0.07226
-0.23633 0.96898 0.07227
-0.23654 0.96893 0.07229
-0.23675 0.96888 0.07230
-0.23696 0.96882 0.07232
-0.23717 0.96877 0.07233
-0.23738 0.96872 0.07235
-0.23759 0.96867 0.07236
-0.23779 0.96862 0.07238
-0.23800 0.96856 0.07239
-0.23821 0.96851 0.07241
-0.23842 0.96846 0.07242
-0.23862 0.96841 0.07244
-0.23883 0.96835 0.07245
-0.23904 0.96830 0.07247
-0.23924 0.96825 0.07248
-0.23945 0.96820 0.07250
-0.23966 0.96815 0.07251
-0.23986 0.96809 0.07253
-0.24007 0.96804 0.07254
-0.24027 0.96799 0.07256
-0.24048 0.96794 0.07257
-0.24068 0.96789 0.07259
-0.24089 0.96783 0.07260
-0.24109 0.96778 0.07262
-0.24130 0.96773 0.07263
-0.24150 0.96768 0.07265
-0.24171 0.96762 0.07266
-0.24191 0.96757 0.07268
-0.24212 0.96752 0.07269
-0.24232 0.96747 0.07271
-0.24252 0.96742 0.07272
-0.24273 0.96736 0.07274
-0.24293 0.96731 0.07276
-0.24313 0.96726 0.07277
-0.24334 0.96721 0.07279
-0.24354 0.96715 0.07280
-0.24374 0.96710 0.07282
-0.24394 0.96705 0.07283
-0.24415 0.96700 0.07285
-0.24435 0.96695 0.07286
-0.24455 0.96689 0.07288
-0.24475 0.96684 0.07289
-0.24495 0.96679 0.07291
-0.24516 0.96674 0.07292
-0.24536 0.96668 0.07294
-0.24556 0.96663 0.07296
-0.24576 0.96658 0.07297
-0.24596 0.96653 0.07299
-0.24616 0.96648 0.07300
-0.24636 0.96642 0.07302
-0.24656 0.96637 0.07303
-0.24676 0.96632 0.07305
-0.24696 0.96627 0.07306
-0.24716 0.96621 0.07308
-0.24736 0.96616 0.07310
-0.24756 0.96611 0.07311
-0.24776 0.96606 0.07313
-0.24796 0.96601 0.07314
-0.24816 0.96595 0.07316
-0.24836 0.96590 0.07317
-0.24855 0.96585 0.07319
-0.24875 0.96580 0.07321
-0.24895 0.96574 0.07322
-0.24915 0.96569 0.07324
-0.24935 0.96564 0.07325
-0.24955 0.96559 0.07327
-0.24974 0.96553 0.07328
-0.24994 0.96548 0.07330
-0.25014 0.96543 0.07332
-0.25034 0.96538 0.07333
-0.25053 0.96533 0.07335
-0.25073 0.96527 0.07336
-0.25093 0.96522 0.07338
-0.25112 0.96517 0.07339
-0.25132 0.96512 0.07341
-0.25152 0.96506 0.07343
-0.25171 0.96501 0.07344
-0.25191 0.96496 0.07346
-0.25211 0.96491 0.07347
-0.25230 0.96485 0.07349
-0.25250 0.96480 0.07351
-0.25269 0.96475 0.07352
-0.25289 0.96470 0.07354
-0.25308 0.96464 0.07355
-0.25328 0.96459 0.07357
-0.25347 0.96454 0.07359
-0.25367 0.96449 0.07360
-0.25386 0.96443 0.07362
-0.25406 0.96438 0.07363
-0.25425 0.96433 0.07365
-0.25445 0.96428 0.07367
-0.25464 0.96422 0.07368
-0.25483 0.96417 0.07370
-0.25503 0.96412 0.07372
-0.25522 0.96407 0.07373
-0.25541 0.96401 0.07375
-0.25561 0.96396 0.07376
-0.25580 0.96391 0.07378
-0.25599 0.96386 0.07380
-0.25619 0.96380 0.07381
-0.25638 0.96375 0.07383
-0.25657 0.96370 0.07384
-0.25677 0.96365 0.07386
-0.25696 0.96359 0.07388
-0.25715 0.96354 0.07389
-0.25734 0.96349 0.07391
-0.25754 0.96344 0.07393
-0.25773 0.96338 0.07394
-0.25792 0.96333 0.07396
-0.25811 0.96328 0.07398
-0.25830 0.96323 0.07399
-0.25849 0.96317 0.07401
-0.25869 0.96312 0.07402
-0.25888 0.96307 0.07404
-0.25907 0.96302 0.07406

