7.70186 5.97019 9.95406
7.76628 6.10935 9.97841
7.82941 6.25894 10.00250
7.89115 6.41907 10.02642
7.95140 6.58989 10.05024
8.01006 6.77152 10.07402
8.06703 6.96410 10.09782
8.12222 7.16777 10.12170
8.17552 7.38266 10.14572
8.22686 7.60891 10.16990
8.27613 7.84666 10.19432
8.32325 8.09602 10.21899
8.36811 8.35715 10.24397
8.41064 8.63015 10.26928
8.45073 8.91516 10.29497
8.48830 9.21229 10.32107
8.52327 9.52165 10.34760
8.55554 9.84337 10.37460
8.58503 10.17754 10.40209
8.61165 10.52427 10.43010
8.63532 10.88366 10.45865
8.65596 11.25579 10.48778
8.67348 11.64076 10.51749
8.68780 12.03866 10.54782
8.69886 12.44955 10.57878
8.70656 12.87351 10.61039
8.71083 13.31062 10.64268
8.71160 13.76093 10.67566
8.70880 14.22450 10.70935
8.70235 14.70140 10.74377
8.69218 15.19166 10.77892
8.67823 15.69534 10.81484
8.66043 16.21246 10.85153
8.63872 16.74308 10.88900
8.61302 17.28721 10.92728
8.58329 17.84488 10.96637
8.54946 18.41611 11.00628
8.51147 19.00093 11.04704
8.46926 19.59933 11.08864
8.42278 20.21132 11.13111
8.37198 20.83692 11.17444
8.31681 21.47610 11.21866
8.25721 22.12888 11.26377
8.19315 22.79523 11.30978
8.12456 23.47513 11.35669
8.05141 24.16857 11.40452
7.97365 24.87553 11.45327
7.89125 25.59597 11.50296
7.80416 26.32985 11.55358
7.71234 27.07715 11.60514
7.61576 27.83782 11.65765
7.51439 28.61181 11.71112
7.40819 29.39907 11.76555
7.29713 30.19955 11.82094
7.18118 31.01318 11.87729
7.06031 31.83992 11.93462
6.93450 32.67968 11.99293
6.80372 33.53241 12.05221
6.66795 34.39802 12.11248
6.52717 35.27644 12.17372
6.38135 36.16759 12.23596
6.23048 37.07138 12.29917
6.07455 37.98772 12.36338
5.91353 38.91653 12.42858
5.74741 39.85770 12.49476
5.57619 40.81113 12.56193
5.39985 41.77673 12.63009
5.21838 42.75439 12.69924
5.03177 43.74400 12.76938
4.84002 44.74544 12.84050
4.64313 45.75860 12.91260
4.44109 46.78336 12.98569
4.23390 47.81960 13.05976
4.02156 48.86719 13.13481
3.80407 49.92601 13.21083
3.58143 50.99592 13.28782
3.35365 52.07679 13.36579
3.12074 53.16849 13.44471
2.88269 54.27086 13.52460
2.63953 55.38378 13.60545
2.39126 56.50709 13.68724
2.13788 57.64065 13.76999
1.87942 58.78430 13.85367
1.61589 59.93790 13.93830
1.34730 61.10128 14.02385
1.07367 62.27429 14.11033
0.79501 63.45677 14.19773
0.51135 64.64856 14.28604
0.22271 65.84948 14.37526
-0.07089 67.05938 14.46537
-0.36944 68.27808 14.55638
-0.67290 69.50540 14.64828
-0.98124 70.74119 14.74105
-1.29446 71.98525 14.83469
-1.61250 73.23742 14.92919
-1.93536 74.49751 15.02454
-2.26299 75.76533 15.12074
-2.59536 77.04071 15.21778
-2.93245 78.32346 15.31564
-3.62062 80.91031 15.51381

