8.00000 6.00000 9.00000
8.04976 6.14480 9.02008
8.09893 6.29933 9.04036
8.14739 6.46381 9.06085
8.19500 6.63844 9.08158
8.24161 6.82343 9.10259
8.28711 7.01895 9.12389
8.33137 7.22521 9.14551
8.37425 7.44236 9.16748
8.41564 7.67060 9.18982
8.45541 7.91008 9.21256
8.49344 8.16097 9.23572
8.52963 8.42341 9.25932
8.56384 8.69756 9.28339
8.59598 8.98356 9.30795
8.62593 9.28154 9.33301
8.65358 9.59164 9.35860
8.67883 9.91398 9.38474
8.70158 10.24867 9.41145
8.72172 10.59583 9.43875
8.73916 10.95557 9.46666
8.75380 11.32799 9.49520
8.76554 11.71318 9.52437
8.77430 12.11123 9.55421
8.77998 12.52223 9.58473
8.78250 12.94625 9.61594
8.78177 13.38337 9.64786
8.77770 13.83367 9.68050
8.77022 14.29719 9.71389
8.75925 14.77400 9.74803
8.74470 15.26415 9.78294
8.72651 15.76769 9.81863
8.70459 16.28465 9.85511
8.67889 16.81509 9.89241
8.64932 17.35902 9.93052
8.61583 17.91648 9.96947
8.57835 18.48748 10.00925
8.53681 19.07205 10.04989
8.49115 19.67019 10.09140
8.44132 20.28192 10.13378
8.38725 20.90724 10.17704
8.32890 21.54614 10.22119
8.26620 22.19862 10.26624
8.19911 22.86466 10.31221
8.12757 23.54426 10.35909
8.05155 24.23739 10.40689
7.97098 24.94403 10.45562
7.88584 25.66414 10.50530
7.79607 26.39770 10.55591
7.70164 27.14467 10.60748
7.60250 27.90500 10.66000
7.49862 28.67865 10.71348
7.38997 29.46557 10.76793
7.27651 30.26571 10.82334
7.15821 31.07900 10.87973
7.03505 31.90539 10.93709
6.90698 32.74481 10.99543
6.77399 33.59719 11.05476
6.63605 34.46245 11.11507
6.49313 35.34052 11.17636
6.34523 36.23132 11.23864
6.19231 37.13476 11.30192
6.03436 38.05075 11.36618
5.87136 38.97921 11.43143
5.70330 39.92002 11.49768
5.53016 40.87311 11.56491
5.35194 41.83836 11.63314
5.16861 42.81566 11.70236
4.98018 43.80491 11.77257
4.78664 44.80600 11.84376
4.58798 45.81881 11.91594
4.38420 46.84322 11.98911
4.17529 47.87911 12.06326
3.96126 48.92635 12.13838
3.74210 49.98481 12.21449
3.51781 51.05438 12.29156
3.28841 52.13489 12.36961
3.05389 53.22624 12.44862
2.81426 54.32826 12.52860
2.56954 55.44083 12.60953
2.31972 56.56379 12.69142
2.06482 57.69700 12.77425
1.80485 58.84030 12.85803
1.53982 59.99355 12.94275
1.26976 61.15658 13.02840
0.99466 62.32924 13.11497
0.71456 63.51137 13.20247
0.42947 64.70281 13.29087
0.13941 65.90338 13.38019
-0.15559 67.11293 13.47041
-0.45553 68.33128 13.56152
-0.76037 69.55826 13.65351
-1.07008 70.79369 13.74639
-1.38465 72.03741 13.84013
-1.70404 73.28922 13.93473
-2.02822 74.54896 14.03019
-2.35717 75.81643 14.12650
-2.69086 77.09146 14.22364
-3.02925 78.37385 14.32161
-3.72000 80.96000 14.52000

