0.00000 0.18223
0.00202 0.17821
0.00415 0.17409
0.00641 0.16987
0.00879 0.16557
0.01130 0.16120
0.01394 0.15678
0.01671 0.15231
0.01962 0.14782
0.02266 0.14330
0.02585 0.13878
0.02918 0.13427
0.03265 0.12978
0.03628 0.12533
0.04005 0.12092
0.04398 0.11657
0.04806 0.11228
0.05230 0.10807
0.05670 0.10394
0.06126 0.09990
0.06598 0.09596
0.07086 0.09213
0.07591 0.08840
0.08113 0.08479
0.08652 0.08129
0.09208 0.07792
0.09780 0.07466
0.10370 0.07152
0.10978 0.06851
0.11603 0.06561
0.12245 0.06283
0.12905 0.06017
0.13583 0.05763
0.14279 0.05519
0.14992 0.05287
0.15724 0.05065
0.16474 0.04853
0.17241 0.04652
0.18027 0.04460
0.18831 0.04277
0.19653 0.04102
0.20494 0.03936
0.21352 0.03778
0.22229 0.03628
0.23124 0.03485
0.24038 0.03348
0.24970 0.03218
0.25919 0.03095
0.26887 0.02977
0.27874 0.02864
0.28878 0.02757
0.29901 0.02654
0.30941 0.02556
0.32000 0.02463
0.33076 0.02373
0.34171 0.02287
0.35283 0.02206
0.36413 0.02127
0.37561 0.02052
0.38726 0.01979
0.39909 0.01910
0.41109 0.01843
0.42327 0.01779
0.43562 0.01718
0.44814 0.01658
0.46083 0.01601
0.47369 0.01546
0.48671 0.01493
0.49991 0.01442
0.51326 0.01392
0.52678 0.01344
0.54047 0.01298
0.55431 0.01253
0.56831 0.01210
0.58248 0.01168
0.59679 0.01127
0.61126 0.01088
0.62589 0.01049
0.64066 0.01012
0.65559 0.00976
0.67066 0.00941
0.68588 0.00907
0.70124 0.00874
0.71674 0.00841
0.73239 0.00810
0.74817 0.00779
0.76409 0.00750
0.78014 0.00721
0.79632 0.00693
0.81263 0.00665
0.82907 0.00638
0.84564 0.00612
0.86233 0.00587
0.87914 0.00562
0.89607 0.00538
0.91311 0.00514
0.93027 0.00492
0.94754 0.00469
0.96492 0.00448
1.00000 0.00406

