8.33333 6.93333 9.13333
8.36123 7.08653 9.14706
8.38961 7.24844 9.16163
8.41826 7.41939 9.17701
8.44702 7.59971 9.19314
8.47569 7.78969 9.21001
8.50409 7.98961 9.22758
8.53204 8.19971 9.24584
8.55938 8.42025 9.26477
8.58594 8.65145 9.28436
8.61154 8.89352 9.30461
8.63604 9.14667 9.32551
8.65929 9.41108 9.34706
8.68112 9.68694 9.36927
8.70139 9.97442 9.39213
8.71998 10.27368 9.41565
8.73673 10.58486 9.43984
8.75152 10.90812 9.46471
8.76421 11.24359 9.49026
8.77470 11.59140 9.51650
8.78285 11.95166 9.54345
8.78854 12.32450 9.57110
8.79168 12.71001 9.59948
8.79213 13.10830 9.62859
8.78981 13.51946 9.65844
8.78460 13.94357 9.68905
8.77640 14.38072 9.72042
8.76513 14.83099 9.75256
8.75067 15.29443 9.78550
8.73295 15.77111 9.81923
8.71188 16.26110 9.85377
8.68736 16.76443 9.88912
8.65931 17.28116 9.92531
8.62766 17.81132 9.96233
8.59232 18.35496 10.00020
8.55323 18.91210 10.03893
8.51030 19.48276 10.07852
8.46347 20.06696 10.11899
8.41267 20.66472 10.16035
8.35784 21.27605 10.20260
8.29890 21.90096 10.24574
8.23580 22.53943 10.28980
8.16848 23.19147 10.33478
8.09688 23.85707 10.38068
8.02096 24.53621 10.42750
7.94064 25.22887 10.47527
7.85590 25.93503 10.52397
7.76666 26.65466 10.57363
7.67290 27.38773 10.62424
7.57457 28.13421 10.67581
7.47162 28.89404 10.72834
7.36401 29.66719 10.78184
7.25171 30.45360 10.83632
7.13467 31.25323 10.89177
7.01287 32.06601 10.94820
6.88627 32.89189 11.00561
6.75484 33.73079 11.06401
6.61855 34.58265 11.12339
6.47738 35.44739 11.18377
6.33129 36.32494 11.24513
6.18027 37.21522 11.30749
6.02430 38.11813 11.37085
5.86334 39.03360 11.43519
5.69739 39.96153 11.50054
5.52643 40.90182 11.56687
5.35044 41.85438 11.63421
5.16940 42.81910 11.70253
4.98332 43.79588 11.77185
4.79217 44.78461 11.84217
4.59595 45.78518 11.91347
4.39466 46.79746 11.98576
4.18828 47.82134 12.05904
3.97681 48.85671 12.13331
3.76025 49.90342 12.20855
3.53860 50.96136 12.28478
3.31187 52.03040 12.36198
3.08004 53.11040 12.44015
2.84313 54.20122 12.51929
2.60114 55.30272 12.59940
2.35409 56.41476 12.68046
2.10196 57.53720 12.76249
1.84479 58.66989 12.84546
1.58257 59.81267 12.92937
1.31532 60.96539 13.01423
1.04305 62.12791 13.10002
0.76578 63.30005 13.18673
0.48352 64.48166 13.27437
0.19630 65.67257 13.36293
-0.09587 66.87262 13.45239
-0.39297 68.08165 13.54275
-0.69498 69.29948 13.63401
-1.00187 70.52593 13.72616
-1.31362 71.76085 13.81919
-1.63020 73.00404 13.91308
-1.95160 74.25533 14.00785
-2.27777 75.51454 14.10346
-2.60869 76.78149 14.19993
-2.94433 78.05600 14.29723
-3.28466 79.33787 14.39536
-3.97926 81.92296 14.59407

