8.00000 6.00000 9.00000
8.00500 6.01405 9.00200
8.00999 6.02819 9.00400
8.01498 6.04243 9.00601
8.01996 6.05676 9.00801
8.02494 6.07119 9.01002
8.02992 6.08572 9.01203
8.03488 6.10034 9.01404
8.03985 6.11507 9.01605
8.04480 6.12988 9.01807
8.04976 6.14480 9.02008
8.05470 6.15981 9.02210
8.05964 6.17492 9.02412
8.06458 6.19012 9.02615
8.06950 6.20543 9.02817
8.07443 6.22083 9.03020
8.07934 6.23633 9.03222
8.08425 6.25193 9.03425
8.08915 6.26763 9.03629
8.09405 6.28343 9.03832
8.09893 6.29933 9.04036
8.10381 6.31533 9.04240
8.10869 6.33142 9.04444
8.11355 6.34762 9.04648
8.11841 6.36392 9.04853
8.12326 6.38031 9.05057
8.12810 6.39681 9.05262
8.13294 6.41341 9.05468
8.13776 6.43011 9.05673
8.14258 6.44691 9.05879
8.14739 6.46381 9.06085
8.15219 6.48081 9.06291
8.15698 6.49792 9.06497
8.16177 6.51513 9.06704
8.16654 6.53244 9.06911
8.17131 6.54985 9.07118
8.17606 6.56736 9.07326
8.18081 6.58498 9.07533
8.18555 6.60270 9.07741
8.19028 6.62052 9.07950
8.19500 6.63844 9.08158
8.19970 6.65647 9.08367
8.20440 6.67461 9.08576
8.20909 6.69284 9.08785
8.21377 6.71119 9.08995
8.21844 6.72963 9.09205
8.22309 6.74818 9.09415
8.22774 6.76684 9.09625
8.23238 6.78559 9.09836
8.23700 6.80446 9.10047
8.24161 6.82343 9.10259
8.24622 6.84250 9.10470
8.25081 6.86168 9.10682
8.25539 6.88097 9.10894
8.25995 6.90036 9.11107
8.26451 6.91986 9.11320
8.26906 6.93947 9.11533
8.27359 6.95918 9.11746
8.27811 6.97900 9.11960
8.28262 6.99892 9.12174
8.28711 7.01895 9.12389
8.29160 7.03909 9.12603
8.29607 7.05934 9.12818
8.30053 7.07970 9.13034
8.30497 7.10016 9.13250
8.30940 7.12073 9.13466
8.31382 7.14141 9.13682
8.31823 7.16219 9.13899
8.32262 7.18309 9.14116
8.32700 7.20409 9.14333
8.33137 7.22521 9.14551
8.33572 7.24643 9.14769
8.34006 7.26776 9.14987
8.34438 7.28920 9.15206
8.34869 7.31075 9.15425
8.35299 7.33241 9.15645
8.35727 7.35418 9.15865
8.36154 7.37606 9.16085
8.36579 7.39805 9.16306
8.37003 7.42015 9.16527
8.37425 7.44236 9.16748
8.37846 7.46469 9.16970
8.38265 7.48712 9.17192
8.38683 7.50966 9.17414
8.39099 7.53232 9.17637
8.39514 7.55509 9.17860
8.39927 7.57797 9.18084
8.40339 7.60096 9.18308
8.40749 7.62406 9.18532
8.41157 7.64727 9.18757
8.41564 7.67060 9.18982
8.41969 7.69404 9.19208
8.42373 7.71759 9.19434
8.42774 7.74126 9.19660
8.43175 7.76503 9.19887
8.43573 7.78893 9.20114
8.43970 7.81293 9.20342
8.44365 7.83705 9.20570
8.44759 7.86128 9.20798
8.45151 7.88562 9.21027
8.45541 7.91008 9.21256
8.45929 7.93465 9.21486
8.46316 7.95934 9.21716
8.46701 7.98414 9.21947
8.47084 8.00906 9.22178
8.47465 8.03409 9.22409
8.47845 8.05923 9.22641
8.48222 8.08449 9.22873
8.48598 8.10987 9.23106
8.48972 8.13536 9.23339
8.49344 8.16097 9.23572
8.49715 8.18669 9.23806
8.50083 8.21253 9.24041
8.50450 8.23848 9.24276
8.50815 8.26455 9.24511
8.51177 8.29073 9.24747
8.51538 8.31704 9.24983
8.51897 8.34346 9.25220
8.52254 8.36999 9.25457
8.52609 8.39664 9.25694
8.52963 8.42341 9.25932
8.53314 8.45030 9.26171
8.53663 8.47730 9.26410
8.54010 8.50442 9.26650
8.54356 8.53166 9.26889
8.54699 8.55901 9.27130
8.55040 8.58649 9.27371
8.55379 8.61408 9.27612
8.55716 8.64179 9.27854
8.56051 8.66962 9.28096
8.56384 8.69756 9.28339
8.56715 8.72563 9.28583
8.57044 8.75381 9.28826
8.57371 8.78211 9.29071
8.57695 8.81053 9.29315
8.58018 8.83907 9.29561
8.58338 8.86773 9.29806
8.58656 8.89651 9.30053
8.58972 8.92541 9.30300
8.59286 8.95442 9.30547
8.59598 8.98356 9.30795
8.59907 9.01282 9.31043
8.60215 9.04219 9.31292
8.60520 9.07169 9.31541
8.60823 9.10131 9.31791
8.61123 9.13105 9.32041
8.61422 9.16090 9.32292
8.61718 9.19088 9.32544
8.62012 9.22098 9.32796
8.62304 9.25120 9.33048
8.62593 9.28154 9.33301
8.62880 9.31201 9.33554
8.63165 9.34259 9.33808
8.63447 9.37329 9.34063
8.63727 9.40412 9.34318
8.64005 9.43507 9.34574
8.64280 9.46614 9.34830
8.64553 9.49733 9.35087
8.64824 9.52865 9.35344
8.65092 9.56008 9.35602
8.65358 9.59164 9.35860
8.65622 9.62332 9.36119
8.65883 9.65513 9.36379
8.66141 9.68705 9.36639
8.66398 9.71910 9.36899
8.66651 9.75127 9.37160
8.66903 9.78357 9.37422
8.67152 9.81598 9.37684
8.67398 9.84853 9.37947
8.67642 9.88119 9.38210
8.67883 9.91398 9.38474
8.68122 9.94689 9.38739
8.68359 9.97992 9.39004
8.68593 10.01308 9.39270
8.68824 10.04637 9.39536
8.69053 10.07977 9.39803
8.69279 10.11330 9.40070
8.69503 10.14696 9.40338
8.69724 10.18074 9.40607
8.69942 10.21464 9.40876
8.70158 10.24867 9.41145
8.70371 10.28282 9.41416
8.70582 10.31710 9.41687
8.70790 10.35150 9.41958
8.70996 10.38603 9.42230
8.71198 10.42069 9.42503
8.71399 10.45546 9.42776
8.71596 10.49037 9.43050
8.71791 10.52540 9.43325
8.71983 10.56055 9.43600
8.72172 10.59583 9.43875
8.72359 10.63124 9.44152
8.72543 10.66677 9.44429
8.72724 10.70243 9.44706
8.72903 10.73821 9.44984
8.73079 10.77412 9.45263
8.73252 10.81016 9.45543
8.73422 10.84632 9.45823
8.73589 10.88261 9.46103
8.73754 10.91903 9.46384
8.73916 10.95557 9.46666
8.74075 10.99224 9.46949
8.74232 11.02904 9.47232
8.74385 11.06596 9.47516
8.74536 11.10301 9.47800
8.74684 11.14019 9.48085
8.74829 11.17749 9.48371
8.74971 11.21493 9.48657
8.75110 11.25249 9.48944
8.75246 11.29017 9.49231
8.75380 11.32799 9.49520
8.75511 11.36593 9.49808
8.75638 11.40400 9.50098
8.75763 11.44220 9.50388
8.75885 11.48052 9.50679
8.76004 11.51898 9.50970
8.76120 11.55756 9.51262
8.76233 11.59627 9.51555
8.76343 11.63511 9.51849
8.76450 11.67408 9.52143
8.76554 11.71318 9.52437
8.76656 11.75240 9.52733
8.76754 11.79175 9.53029
8.76849 11.83124 9.53325
8.76941 11.87085 9.53623
8.77030 11.91059 9.53921
8.77116 11.95046 9.54220
8.77199 11.99046 9.54519
8.77279 12.03058 9.54819
8.77356 12.07084 9.55120
8.77430 12.11123 9.55421
8.77501 12.15174 9.55723
8.77569 12.19239 9.56026
8.77633 12.23316 9.56329
8.77695 12.27407 9.56634
8.77753 12.31510 9.56938
8.77809 12.35627 9.57244
8.77861 12.39756 9.57550
8.77910 12.43899 9.57857
8.77956 12.48054 9.58164
8.77998 12.52223 9.58473
8.78038 12.56404 9.58782
8.78074 12.60599 9.59091
8.78107 12.64806 9.59402
8.78137 12.69027 9.59713
8.78164 12.73260 9.60024
8.78188 12.77507 9.60337
8.78208 12.81767 9.60650
8.78225 12.86040 9.60964
8.78239 12.90326 9.61278
8.78250 12.94625 9.61594
8.78257 12.98937 9.61910
8.78262 13.03262 9.62226
8.78263 13.07601 9.62544
8.78260 13.11952 9.62862
8.78255 13.16317 9.63181
8.78246 13.20695 9.63500
8.78233 13.25086 9.63821
8.78218 13.29490 9.64142
8.78199 13.33907 9.64463
8.78177 13.38337 9.64786
8.78151 13.42781 9.65109
8.78122 13.47238 9.65433
8.78090 13.51708 9.65757
8.78055 13.56191 9.66083
8.78016 13.60687 9.66409
8.77973 13.65196 9.66736
8.77928 13.69719 9.67063
8.77878 13.74255 9.67392
8.77826 13.78804 9.67721
8.77770 13.83367 9.68050
8.77711 13.87942 9.68381
8.77648 13.92531 9.68712
8.77582 13.97133 9.69044
8.77512 14.01748 9.69377
8.77439 14.06377 9.69710
8.77363 14.11019 9.70044
8.77283 14.15674 9.70379
8.77199 14.20342 9.70715
8.77112 14.25024 9.71052
8.77022 14.29719 9.71389
8.76928 14.34427 9.71727
8.76831 14.39149 9.72066
8.76730 14.43883 9.72405
8.76625 14.48631 9.72745
8.76517 14.53393 9.73086
8.76406 14.58168 9.73428
8.76291 14.62956 9.73771
8.76172 14.67757 9.74114
8.76050 14.72572 9.74458
8.75925 14.77400 9.74803
8.75795 14.82241 9.75148
8.75662 14.87096 9.75495
8.75526 14.91964 9.75842
8.75386 14.96845 9.76190
8.75242 15.01740 9.76539
8.75095 15.06648 9.76888
8.74944 15.11570 9.77238
8.74790 15.16505 9.77589
8.74632 15.21453 9.77941
8.74470 15.26415 9.78294
8.74304 15.31390 9.78647
8.74135 15.36378 9.79001
8.73963 15.41380 9.79356
8.73786 15.46396 9.79712
8.73606 15.51424 9.80068
8.73422 15.56466 9.80426
8.73235 15.61522 9.80784
8.73044 15.66591 9.81143
8.72849 15.71673 9.81502
8.72651 15.76769 9.81863
8.72448 15.81878 9.82224
8.72242 15.87000 9.82586
8.72032 15.92137 9.82949
8.71819 15.97286 9.83313
8.71602 16.02449 9.83677
8.71381 16.07625 9.84042
8.71156 16.12815 9.84408
8.70928 16.18018 9.84775
8.70695 16.23235 9.85143
8.70459 16.28465 9.85511
8.70219 16.33709 9.85881
8.69976 16.38966 9.86251
8.69728 16.44237 9.86622
8.69477 16.49521 9.86993
8.69222 16.54819 9.87366
8.68963 16.60130 9.87739
8.68700 16.65454 9.88113
8.68434 16.70792 9.88488
8.68163 16.76144 9.88864
8.67889 16.81509 9.89241
8.67611 16.86887 9.89618
8.67329 16.92279 9.89996
8.67043 16.97685 9.90376
8.66753 17.03104 9.90755
8.66459 17.08536 9.91136
8.66162 17.13983 9.91518
8.65860 17.19442 9.91900
8.65555 17.24915 9.92283
8.65246 17.30402 9.92667
8.64932 17.35902 9.93052
8.64615 17.41416 9.93438
8.64294 17.46943 9.93824
8.63969 17.52484 9.94212
8.63640 17.58038 9.94600
8.63307 17.63606 9.94989
8.62970 17.69187 9.95379
8.62630 17.74782 9.95769
8.62285 17.80390 9.96161
8.61936 17.86012 9.96553
8.61583 17.91648 9.96947
8.61226 17.97297 9.97341
8.60866 18.02959 9.97736
8.60501 18.08635 9.98131
8.60132 18.14325 9.98528
8.59759 18.20028 9.98925
8.59382 18.25745 9.99324
8.59002 18.31476 9.99723
8.58617 18.37220 10.00123
8.58228 18.42977 10.00524
8.57835 18.48748 10.00925
8.57438 18.54533 10.01328
8.57037 18.60331 10.01731
8.56631 18.66143 10.02136
8.56222 18.71968 10.02541
8.55809 18.77807 10.02947
8.55391 18.83659 10.03353
8.54970 18.89525 10.03761
8.54544 18.95405 10.04170
8.54115 19.01298 10.04579
8.53681 19.07205 10.04989
8.53243 19.13125 10.05400
8.52801 19.19059 10.05812
8.52355 19.25007 10.06225
8.51904 19.30968 10.06639
8.51450 19.36942 10.07054
8.50991 19.42931 10.07469
8.50528 19.48932 10.07886
8.50061 19.54948 10.08303
8.49590 19.60977 10.08721
8.49115 19.67019 10.09140
8.48636 19.73076 10.09560
8.48152 19.79145 10.09980
8.47664 19.85229 10.10402
8.47172 19.91326 10.10824
8.46676 19.97436 10.11248
8.46176 20.03560 10.11672
8.45671 20.09698 10.12097
8.45162 20.15849 10.12523
8.44649 20.22014 10.12950
8.44132 20.28192 10.13378
8.43610 20.34384 10.13806
8.43084 20.40590 10.14236
8.42554 20.46809 10.14666
8.42020 20.53042 10.15097
8.41482 20.59288 10.15530
8.40939 20.65548 10.15963
8.40392 20.71822 10.16397
8.39841 20.78109 10.16831
8.39285 20.84410 10.17267
8.38725 20.90724 10.17704
8.38161 20.97052 10.18141
8.37593 21.03393 10.18580
8.37020 21.09748 10.19019
8.36443 21.16117 10.19459
8.35861 21.22499 10.19900
8.35276 21.28895 10.20342
8.34686 21.35304 10.20785
8.34091 21.41727 10.21229
8.33493 21.48164 10.21673
8.32890 21.54614 10.22119
8.32282 21.61078 10.22565
8.31671 21.67555 10.23013
8.31055 21.74046 10.23461
8.30434 21.80550 10.23910
8.29809 21.87068 10.24360
8.29180 21.93600 10.24811
8.28547 22.00145 10.25263
8.27909 22.06704 10.25716
8.27267 22.13276 10.26170
8.26620 22.19862 10.26624
8.25969 22.26461 10.27080
8.25313 22.33074 10.27536
8.24654 22.39701 10.27994
8.23989 22.46341 10.28452
8.23321 22.52995 10.28911
8.22647 22.59662 10.29371
8.21970 22.66343 10.29832
8.21288 22.73037 10.30294
8.20602 22.79745 10.30757
8.19911 22.86466 10.31221
8.19215 22.93201 10.31685
8.18516 22.99950 10.32151
8.17812 23.06712 10.32617
8.17103 23.13488 10.33085
8.16390 23.20277 10.33553
8.15672 23.27080 10.34022
8.14950 23.33896 10.34493
8.14224 23.40726 10.34964
8.13493 23.47569 10.35436
8.12757 23.54426 10.35909
8.12017 23.61297 10.36382
8.11273 23.68181 10.36857
8.10524 23.75078 10.37333
8.09770 23.81989 10.37810
8.09012 23.88914 10.38287
8.08250 23.95852 10.38766
8.07483 24.02803 10.39245
8.06711 24.09768 10.39725
8.05935 24.16747 10.40207
8.05155 24.23739 10.40689
8.04370 24.30745 10.41172
8.03580 24.37764 10.41656
8.02786 24.44797 10.42141
8.01987 24.51843 10.42627
8.01183 24.58902 10.43114
8.00376 24.65975 10.43602
7.99563 24.73062 10.44091
7.98746 24.80162 10.44580
7.97924 24.87276 10.45071
7.97098 24.94403 10.45562
7.96268 25.01543 10.46055
7.95432 25.08697 10.46548
7.94592 25.15865 10.47043
7.93748 25.23046 10.47538
7.92899 25.30240 10.48034
7.92045 25.37448 10.48532
7.91187 25.44669 10.49030
7.90324 25.51904 10.49529
7.89456 25.59152 10.50029
7.88584 25.66414 10.50530
7.87707 25.73689 10.51032
7.86826 25.80978 10.51534
7.85939 25.88280 10.52038
7.85049 25.95595 10.52543
7.84153 26.02924 10.53049
7.83253 26.10267 10.53555
7.82349 26.17622 10.54063
7.81439 26.24992 10.54571
7.80526 26.32374 10.55081
7.79607 26.39770 10.55591
7.78684 26.47180 10.56103
7.77756 26.54602 10.56615
7.76823 26.62039 10.57128
7.75886 26.69488 10.57643
7.74944 26.76951 10.58158
7.73997 26.84427 10.58674
7.73046 26.91917 10.59191
7.72090 26.99420 10.59709
7.71129 27.06937 10.60228
7.70164 27.14467 10.60748
7.69193 27.22010 10.61269
7.68219 27.29567 10.61791
7.67239 27.37137 10.62313
7.66255 27.44720 10.62837
7.65266 27.52317 10.63362
7.64272 27.59927 10.63888
7.63274 27.67550 10.64414
7.62271 27.75187 10.64942
7.61263 27.82837 10.65470
7.60250 27.90500 10.66000
7.59233 27.98177 10.66530
7.58211 28.05867 10.67062
7.57184 28.13570 10.67594
7.56152 28.21287 10.68128
7.55116 28.29016 10.68662
7.54075 28.36760 10.69197
7.53029 28.44516 10.69734
7.51978 28.52286 10.70271
7.50923 28.60069 10.70809
7.49862 28.67865 10.71348
7.48797 28.75675 10.71888
7.47728 28.83498 10.72429
7.46653 28.91334 10.72971
7.45574 28.99183 10.73514
7.44490 29.07046 10.74058
7.43401 29.14922 10.74603
7.42307 29.22811 10.75149
7.41209 29.30713 10.75696
7.40105 29.38629 10.76244
7.38997 29.46557 10.76793
7.37884 29.54499 10.77342
7.36767 29.62455 10.77893
7.35644 29.70423 10.78445
7.34517 29.78405 10.78998
7.33385 29.86399 10.79551
7.32248 29.94407 10.80106
7.31106 30.02428 10.80661
7.29959 30.10463 10.81218
7.28808 30.18510 10.81776
7.27651 30.26571 10.82334
7.26490 30.34645 10.82894
7.25324 30.42732 10.83454
7.24153 30.50832 10.84015
7.22978 30.58945 10.84578
7.21797 30.67072 10.85141
7.20612 30.75211 10.85706
7.19421 30.83364 10.86271
7.18226 30.91530 10.86837
7.17026 30.99708 10.87404
7.15821 31.07900 10.87973
7.14612 31.16106 10.88542
7.13397 31.24324 10.89112
7.12178 31.32555 10.89683
7.10953 31.40799 10.90256
7.09724 31.49057 10.90829
7.08490 31.57327 10.91403
7.07251 31.65611 10.91978
7.06007 31.73907 10.92554
7.04758 31.82217 10.93131
7.03505 31.90539 10.93709
7.02246 31.98875 10.94288
7.00983 32.07224 10.94868
6.99714 32.15585 10.95449
6.98441 32.23960 10.96031
6.97163 32.32348 10.96614
6.95880 32.40749 10.97198
6.94591 32.49162 10.97783
6.93299 32.57589 10.98369
6.92001 32.66029 10.98955
6.90698 32.74481 10.99543
6.89390 32.82947 11.00132
6.88078 32.91425 11.00722
6.86760 32.99917 11.01313
6.85437 33.08421 11.01904
6.84110 33.16939 11.02497
6.82778 33.25469 11.03091
6.81440 33.34012 11.03686
6.80098 33.42568 11.04281
6.78751 33.51137 11.04878
6.77399 33.59719 11.05476
6.76042 33.68314 11.06074
6.74680 33.76921 11.06674
6.73313 33.85542 11.07275
6.71941 33.94175 11.07876
6.70564 34.02822 11.08479
6.69182 34.11481 11.09082
6.67795 34.20153 11.09687
6.66403 34.28837 11.10292
6.65006 34.37535 11.10899
6.63605 34.46245 11.11507
6.62198 34.54969 11.12115
6.60786 34.63705 11.12725
6.59370 34.72453 11.13335
6.57948 34.81215 11.13946
6.56521 34.89989 11.14559
6.55090 34.98776 11.15172
6.53653 35.07576 11.15787
6.52212 35.16389 11.16402
6.50765 35.25214 11.17019
6.49313 35.34052 11.17636
6.47857 35.42903 11.18254
6.46395 35.51767 11.18874
6.44929 35.60643 11.19494
6.43457 35.69532 11.20115
6.41981 35.78434 11.20738
6.40499 35.87348 11.21361
6.39013 35.96275 11.21985
6.37521 36.05215 11.22611
6.36024 36.14167 11.23237
6.34523 36.23132 11.23864
6.33016 36.32110 11.24493
6.31505 36.41100 11.25122
6.29988 36.50103 11.25752
6.28466 36.59119 11.26383
6.26940 36.68147 11.27016
6.25408 36.77187 11.27649
6.23871 36.86241 11.28283
6.22330 36.95307 11.28918
6.20783 37.04385 11.29554
6.19231 37.13476 11.30192
6.17674 37.22580 11.30830
6.16112 37.31696 11.31469
6.14545 37.40824 11.32109
6.12973 37.49966 11.32750
6.11396 37.59119 11.33392
6.09814 37.68286 11.34035
6.08227 37.77464 11.34680
6.06635 37.86655 11.35325
6.05038 37.95859 11.35971
6.03436 38.05075 11.36618
6.01829 38.14304 11.37266
6.00216 38.23545 11.37915
5.98599 38.32798 11.38565
5.96977 38.42064 11.39216
5.95349 38.51343 11.39868
5.93717 38.60634 11.40521
5.92079 38.69937 11.41175
5.90436 38.79252 11.41830
5.88789 38.88580 11.42486
5.87136 38.97921 11.43143
5.85478 39.07273 11.43801
5.83815 39.16638 11.44460
5.82147 39.26016 11.45120
5.80474 39.35405 11.45781
5.78796 39.44808 11.46443
5.77113 39.54222 11.47106
5.75425 39.63649 11.47770
5.73732 39.73088 11.48435
5.72033 39.82539 11.49101
5.70330 39.92002 11.49768
5.68621 40.01478 11.50436
5.66908 40.10966 11.51105
5.65189 40.20467 11.51774
5.63465 40.29979 11.52445
5.61737 40.39504 11.53117
5.60003 40.49041 11.53790
5.58264 40.58590 11.54464
5.56520 40.68152 11.55139
5.54770 40.77725 11.55815
5.53016 40.87311 11.56491
5.51257 40.96909 11.57169
5.49492 41.06519 11.57848
5.47723 41.16141 11.58528
5.45948 41.25775 11.59209
5.44169 41.35422 11.59890
5.42384 41.45080 11.60573
5.40594 41.54751 11.61257
5.38799 41.64434 11.61942
5.36999 41.74129 11.62627
5.35194 41.83836 11.63314
5.33383 41.93555 11.64002
5.31568 42.03286 11.64691
5.29748 42.13029 11.65380
5.27922 42.22784 11.66071
5.26091 42.32551 11.66763
5.24255 42.42330 11.67455
5.22415 42.52121 11.68149
5.20569 42.61924 11.68844
5.18718 42.71739 11.69539
5.16861 42.81566 11.70236
5.15000 42.91405 11.70934
5.13134 43.01256 11.71632
5.11262 43.11119 11.72332
5.09386 43.20993 11.73032
5.07504 43.30880 11.73734
5.05617 43.40779 11.74437
5.03725 43.50689 11.75140
5.01828 43.60611 11.75845
4.99926 43.70545 11.76550
4.98018 43.80491 11.77257
4.96106 43.90449 11.77964
4.94189 44.00419 11.78673
4.92266 44.10400 11.79382
4.90338 44.20394 11.80093
4.88405 44.30399 11.80804
4.86467 44.40415 11.81516
4.84524 44.50444 11.82230
4.82576 44.60484 11.82944
4.80623 44.70536 11.83660
4.78664 44.80600 11.84376
4.76701 44.90676 11.85094
4.74732 45.00763 11.85812
4.72758 45.10862 11.86531
4.70779 45.20973 11.87252
4.68795 45.31095 11.87973
4.66806 45.41229 11.88695
4.64812 45.51375 11.89418
4.62812 45.61532 11.90143
4.60808 45.71701 11.90868
4.58798 45.81881 11.91594
4.56783 45.92073 11.92321
4.54763 46.02277 11.93050
4.52738 46.12492 11.93779
4.50708 46.22719 11.94509
4.48673 46.32957 11.95240
4.46633 46.43207 11.95972
4.44587 46.53469 11.96705
4.42536 46.63742 11.97440
4.40481 46.74026 11.98175
4.38420 46.84322 11.98911
4.36354 46.94629 11.99648
4.34283 47.04948 12.00386
4.32206 47.15279 12.01125
4.30125 47.25620 12.01865
4.28038 47.35974 12.02606
4.25947 47.46338 12.03348
4.23850 47.56714 12.04091
4.21748 47.67102 12.04835
4.19641 47.77501 12.05580
4.17529 47.87911 12.06326
4.15412 47.98332 12.07072
4.13289 48.08765 12.07820
4.11162 48.19209 12.08569
4.09029 48.29665 12.09319
4.06891 48.40132 12.10070
4.04748 48.50610 12.10821
4.02600 48.61099 12.11574
4.00447 48.71600 12.12328
3.98289 48.82112 12.13083
3.96126 48.92635 12.13838
3.93957 49.03169 12.14595
3.91783 49.13715 12.15352
3.89605 49.24272 12.16111
3.87421 49.34840 12.16871
3.85232 49.45419 12.17631
3.83037 49.56009 12.18393
3.80838 49.66610 12.19155
3.78634 49.77223 12.19919
3.76424 49.87847 12.20683
3.74210 49.98481 12.21449
3.71990 50.09127 12.22215
3.69765 50.19784 12.22982
3.67535 50.30452 12.23751
3.65300 50.41132 12.24520
3.63059 50.51822 12.25290
3.60814 50.62523 12.26062
3.58564 50.73235 12.26834
3.56308 50.83958 12.27607
3.54047 50.94692 12.28381
3.51781 51.05438 12.29156
3.49510 51.16194 12.29932
3.47234 51.26961 12.30709
3.44953 51.37739 12.31487
3.42667 51.48528 12.32267
3.40375 51.59327 12.33046
3.38078 51.70138 12.33827
3.35777 51.80960 12.34609
3.33470 51.91792 12.35392
3.31158 52.02635 12.36176
3.28841 52.13489 12.36961
3.26519 52.24354 12.37747
3.24191 52.35230 12.38533
3.21859 52.46117 12.39321
3.19522 52.57014 12.40110
3.17179 52.67922 12.40900
3.14831 52.78841 12.41690
3.12478 52.89771 12.42482
3.10120 53.00711 12.43274
3.07757 53.11662 12.44068
3.05389 53.22624 12.44862
3.03016 53.33596 12.45658
3.00637 53.44579 12.46454
2.98254 53.55573 12.47251
2.95865 53.66577 12.48050
2.93472 53.77592 12.48849
2.91073 53.88618 12.49649
2.88669 53.99654 12.50450
2.86260 54.10701 12.51253
2.83846 54.21758 12.52056
2.81426 54.32826 12.52860
2.79002 54.43905 12.53665
2.76573 54.54994 12.54471
2.74138 54.66093 12.55278
2.71699 54.77203 12.56086
2.69254 54.88324 12.56894
2.66804 54.99455 12.57704
2.64349 55.10596 12.58515
2.61889 55.21748 12.59327
2.59424 55.32910 12.60139
2.56954 55.44083 12.60953
2.54478 55.55266 12.61768
2.51998 55.66459 12.62583
2.49513 55.77663 12.63400
2.47022 55.88877 12.64217
2.44526 56.00102 12.65036
2.42026 56.11337 12.65855
2.39520 56.22582 12.66675
2.37009 56.33837 12.67496
2.34493 56.45103 12.68319
2.31972 56.56379 12.69142
2.29446 56.67665 12.69966
2.26914 56.78962 12.70791
2.24378 56.90268 12.71617
2.21837 57.01585 12.72444
2.19290 57.12912 12.73272
2.16739 57.24249 12.74101
2.14182 57.35597 12.74930
2.11620 57.46954 12.75761
2.09054 57.58322 12.76593
2.06482 57.69700 12.77425
2.03905 57.81087 12.78259
2.01323 57.92485 12.79093
1.98736 58.03893 12.79929
1.96144 58.15311 12.80765
1.93547 58.26740 12.81602
1.90944 58.38178 12.82441
1.88337 58.49626 12.83280
1.85725 58.61084 12.84120
1.83107 58.72552 12.84961
1.80485 58.84030 12.85803
1.77857 58.95518 12.86646
1.75225 59.07016 12.87490
1.72587 59.18524 12.88335
1.69944 59.30041 12.89181
1.67297 59.41569 12.90027
1.64644 59.53106 12.90875
1.61986 59.64654 12.91723
1.59323 59.76211 12.92573
1.56655 59.87778 12.93423
1.53982 59.99355 12.94275
1.51304 60.10941 12.95127
1.48621 60.22537 12.95980
1.45933 60.34144 12.96834
1.43240 60.45759 12.97690
1.40542 60.57385 12.98546
1.37839 60.69020 12.99402
1.35130 60.80665 13.00260
1.32417 60.92320 13.01119
1.29699 61.03984 13.01979
1.26976 61.15658 13.02840
1.24247 61.27341 13.03701
1.21514 61.39035 13.04564
1.18776 61.50737 13.05427
1.16032 61.62450 13.06291
1.13284 61.74172 13.07157
1.10530 61.85903 13.08023
1.07772 61.97644 13.08890
1.05008 62.09395 13.09758
1.02240 62.21155 13.10627
0.99466 62.32924 13.11497
0.96688 62.44703 13.12368
0.93904 62.56492 13.13240
0.91116 62.68289 13.14112
0.88322 62.80097 13.14986
0.85524 62.91913 13.15860
0.82720 63.03739 13.16736
0.79912 63.15575 13.17612
0.77098 63.27420 13.18489
0.74280 63.39274 13.19368
0.71456 63.51137 13.20247
0.68628 63.63010 13.21127
0.65794 63.74892 13.22007
0.62956 63.86783 13.22889
0.60113 63.98684 13.23772
0.57264 64.10594 13.24656
0.54411 64.22513 13.25540
0.51552 64.34441 13.26426
0.48689 64.46378 13.27312
0.45821 64.58325 13.28199
0.42947 64.70281 13.29087
0.40069 64.82246 13.29977
0.37186 64.94220 13.30867
0.34298 65.06203 13.31757
0.31404 65.18195 13.32649
0.28506 65.30196 13.33542
0.25603 65.42207 13.34436
0.22695 65.54226 13.35330
0.19782 65.66254 13.36226
0.16864 65.78292 13.37122
0.13941 65.90338 13.38019
0.11014 66.02394 13.38917
0.08081 66.14458 13.39816
0.05143 66.26531 13.40716
0.02200 66.38613 13.41617
-0.00747 66.50705 13.42519
-0.03700 66.62804 13.43421
-0.06657 66.74913 13.44325
-0.09620 66.87031 13.45229
-0.12587 66.99158 13.46135
-0.15559 67.11293 13.47041
-0.18537 67.23437 13.47948
-0.21519 67.35590 13.48856
-0.24506 67.47752 13.49765
-0.27498 67.59922 13.50674
-0.30495 67.72101 13.51585
-0.33497 67.84289 13.52497
-0.36503 67.96486 13.53409
-0.39515 68.08691 13.54322
-0.42531 68.20905 13.55237
-0.45553 68.33128 13.56152
-0.48579 68.45359 13.57068
-0.51610 68.57599 13.57985
-0.54647 68.69847 13.58902
-0.57688 68.82104 13.59821
-0.60734 68.94370 13.60740
-0.63784 69.06644 13.61661
-0.66840 69.18927 13.62582
-0.69901 69.31218 13.63504
-0.72966 69.43518 13.64427
-0.76037 69.55826 13.65351
-0.79112 69.68142 13.66276
-0.82192 69.80467 13.67202
-0.85277 69.92801 13.68128
-0.88367 70.05143 13.69056
-0.91461 70.17493 13.69984
-0.94561 70.29851 13.70913
-0.97666 70.42218 13.71843
-1.00775 70.54594 13.72774
-1.03889 70.66977 13.73706
-1.07008 70.79369 13.74639
-1.10132 70.91769 13.75572
-1.13261 71.04178 13.76506
-1.16394 71.16594 13.77442
-1.19533 71.29019 13.78378
-1.22676 71.41452 13.79315
-1.25824 71.53894 13.80253
-1.28977 71.66343 13.81192
-1.32135 71.78801 13.82131
-1.35297 71.91267 13.83072
-1.38465 72.03741 13.84013
-1.41637 72.16223 13.84955
-1.44814 72.28713 13.85898
-1.47996 72.41211 13.86842
-1.51182 72.53717 13.87787
-1.54374 72.66231 13.88732
-1.57570 72.78753 13.89679
-1.60771 72.91284 13.90626
-1.63977 73.03822 13.91575
-1.67188 73.16368 13.92524
-1.70404 73.28922 13.93473
-1.73624 73.41484 13.94424
-1.76849 73.54054 13.95376
-1.80079 73.66632 13.96328
-1.83314 73.79217 13.97282
-1.86553 73.91811 13.98236
-1.89797 74.04412 13.99191
-1.93046 74.17021 14.00147
-1.96300 74.29638 14.01104
-1.99559 74.42263 14.02061
-2.02822 74.54896 14.03019
-2.06090 74.67536 14.03979
-2.09363 74.80184 14.04939
-2.12641 74.92839 14.05900
-2.15923 75.05503 14.06862
-2.19210 75.18174 14.07824
-2.22502 75.30852 14.08788
-2.25799 75.43539 14.09752
-2.29100 75.56233 14.10717
-2.32406 75.68934 14.11683
-2.35717 75.81643 14.12650
-2.39033 75.94360 14.13618
-2.42353 76.07084 14.14586
-2.45678 76.19815 14.15556
-2.49008 76.32555 14.16526
-2.52343 76.45301 14.17497
-2.55682 76.58055 14.18469
-2.59026 76.70817 14.19441
-2.62374 76.83586 14.20415
-2.65728 76.96362 14.21389
-2.69086 77.09146 14.22364
-2.72449 77.21937 14.23340
-2.75816 77.34735 14.24317
-2.79188 77.47541 14.25295
-2.82565 77.60354 14.26273
-2.85947 77.73175 14.27252
-2.89333 77.86002 14.28233
-2.92724 77.98837 14.29214
-2.96119 78.11680 14.30195
-2.99520 78.24529 14.31178
-3.02925 78.37385 14.32161
-3.06334 78.50249 14.33145
-3.09749 78.63120 14.34131
-3.13168 78.75998 14.35116
-3.16591 78.88883 14.36103
-3.20020 79.01776 14.37091
-3.23452 79.14675 14.38079
-3.26890 79.27582 14.39068
-3.30332 79.40495 14.40058
-3.33779 79.53416 14.41049
-3.37231 79.66343 14.42040
-3.40687 79.79278 14.43033
-3.44148 79.92219 14.44026
-3.47613 80.05168 14.45020
-3.51083 80.18123 14.46014
-3.54558 80.31085 14.47010
-3.58037 80.44055 14.48006
-3.61521 80.57031 14.49004
-3.65009 80.70014 14.50002
-3.68502 80.83003 14.51000

