8.15013 5.80784 9.96981
8.18440 5.95485 9.99353
8.21219 6.10772 10.01913
8.23339 6.26647 10.04657
8.24785 6.43112 10.07578
8.25544 6.60169 10.10671
8.25600 6.77822 10.13933
8.24940 6.96071 10.17360
8.23548 7.14921 10.20947
8.21410 7.34373 10.24691
8.18512 7.54431 10.28590
8.14840 7.75096 10.32641
8.10381 7.96372 10.36840
8.05122 8.18261 10.41187
7.99052 8.40766 10.45678
7.92160 8.63890 10.50313
7.84436 8.87637 10.55089
7.75870 9.12010 10.60006
7.66454 9.37012 10.65063
7.56181 9.62648 10.70259
7.45045 9.88924 10.75594
7.33038 10.15842 10.81067
7.20157 10.43410 10.86680
7.06397 10.71632 10.92432
6.91756 11.00515 10.98323
6.76230 11.30065 11.04355
6.59819 11.60290 11.10529
6.42521 11.91195 11.16845
6.24336 12.22791 11.23306
6.05264 12.55083 11.29913
5.85307 12.88082 11.36666
5.64466 13.21794 11.43569
5.42742 13.56230 11.50623
5.20139 13.91398 11.57829
4.96656 14.27306 11.65189
4.72297 14.63963 11.72705
4.47061 15.01376 11.80379
4.20947 15.39553 11.88212
3.93951 15.78496 11.96204
3.66063 16.18206 12.04355
3.37263 16.58678 12.12664
3.07518 16.99893 12.21124
2.76758 17.41812 12.29723
2.44849 17.84351 12.38434
2.11502 18.27319 12.47185
1.75985 18.70239 12.55758
1.35910 19.11583 12.63187
0.78405 19.43921 12.60160
0.12645 19.99014 11.23975
0.13949 20.80731 11.02829
-0.12791 21.37739 11.10439
-0.45779 21.91307 11.20175
-0.81281 22.44467 11.30491
-1.18253 22.98038 11.41121
-1.56284 23.52338 11.51992
-1.95174 24.07523 11.63080
-2.34807 24.63686 11.74373
-2.75107 25.20889 11.85865
-3.16018 25.79177 11.97553
-3.57495 26.38590 12.09433
-3.99501 26.99160 12.21503
-4.42002 27.60918 12.33760
-4.84964 28.23892 12.46201
-5.28358 28.88108 12.58823
-5.72154 29.53594 12.71621
-6.16322 30.20375 12.84591
-6.60834 30.88477 12.97728
-7.05659 31.57926 13.11027
-7.50769 32.28747 13.24482
-7.96134 33.00966 13.38085
-8.41723 33.74607 13.51830
-8.87507 34.49697 13.65708
-9.33454 35.26262 13.79712
-9.79534 36.04327 13.93831
-10.25716 36.83918 14.08056
-10.71966 37.65060 14.22376
-11.18253 38.47781 14.36779
-11.64544 39.32107 14.51254
-12.10805 40.18062 14.65786
-12.57003 41.05675 14.80363
-13.03104 41.94972 14.94970
-13.49072 42.85979 15.09590
-13.94873 43.78722 15.24208
-14.40472 44.73230 15.38807
-14.85831 45.69528 15.53367
-15.30915 46.67643 15.67870
-15.75687 47.67603 15.82295
-16.20110 48.69434 15.96622
-16.64144 49.73163 16.10828
-17.07754 50.78818 16.24890
-17.50899 51.86426 16.38785
-17.93540 52.96014 16.52485
-18.35639 54.07608 16.65967
-18.77155 55.21237 16.79201
-19.18048 56.36927 16.92159
-19.58277 57.54705 17.04813
-19.97801 58.74598 17.17129
-20.36578 59.96634 17.29078
-20.74568 61.20839 17.40625
-21.48012 63.75866 17.62375

