8.33333 6.93333 9.13333
8.32542 7.09278 9.16574
8.31198 7.25537 9.19880
8.29310 7.42138 9.23256
8.26881 7.59109 9.26706
8.23909 7.76477 9.30236
8.20385 7.94268 9.33851
8.16302 8.12505 9.37557
8.11645 8.31214 9.41359
8.06400 8.50415 9.45261
8.00551 8.70127 9.49269
7.94081 8.90369 9.53385
7.86972 9.11156 9.57615
7.79207 9.32505 9.61961
7.70768 9.54428 9.66426
7.61638 9.76939 9.71012
7.51802 10.00048 9.75723
7.41245 10.23766 9.80561
7.29951 10.48104 9.85527
7.17908 10.73072 9.90623
7.05103 10.98677 9.95852
6.91525 11.24931 10.01215
6.77164 11.51840 10.06715
6.62012 11.79415 10.12352
6.46062 12.07664 10.18128
6.29305 12.36595 10.24047
6.11738 12.66218 10.30108
5.93356 12.96541 10.36315
5.74156 13.27575 10.42670
5.54137 13.59330 10.49174
5.33296 13.91814 10.55830
5.11635 14.25039 10.62640
4.89155 14.59015 10.69606
4.65857 14.93753 10.76730
4.41746 15.29265 10.84015
4.16824 15.65562 10.91463
3.91098 16.02658 10.99077
3.64573 16.40564 11.06858
3.37256 16.79295 11.14809
3.09154 17.18862 11.22932
2.80277 17.59281 11.31230
2.50634 18.00566 11.39704
2.20235 18.42732 11.48357
1.89090 18.85793 11.57191
1.57213 19.29766 11.66207
1.24615 19.74666 11.75407
0.91311 20.20510 11.84793
0.57313 20.67316 11.94366
0.22637 21.15099 12.04128
-0.12702 21.63878 12.14078
-0.48686 22.13670 12.24219
-0.85300 22.64495 12.34550
-1.22525 23.16371 12.45072
-1.60344 23.69316 12.55785
-1.98737 24.23351 12.66687
-2.37684 24.78494 12.77780
-2.77165 25.34767 12.89061
-3.17160 25.92189 13.00529
-3.57646 26.50781 13.12183
-3.98601 27.10564 13.24019
-4.40003 27.71560 13.36037
-4.81828 28.33790 13.48231
-5.24052 28.97275 13.60600
-5.66650 29.62039 13.73138
-6.09597 30.28103 13.85842
-6.52868 30.95489 13.98707
-6.96436 31.64221 14.11726
-7.40274 32.34323 14.24893
-7.84354 33.05816 14.38203
-8.28650 33.78725 14.51646
-8.73131 34.53073 14.65217
-9.17770 35.28884 14.78905
-9.62536 36.06183 14.92702
-10.07400 36.84993 15.06598
-10.52330 37.65339 15.20582
-10.97296 38.47246 15.34643
-11.42267 39.30738 15.48768
-11.87209 40.15840 15.62945
-12.32091 41.02578 15.77160
-12.76879 41.90976 15.91398
-13.21541 42.81059 16.05645
-13.66041 43.72854 16.19884
-14.10346 44.66385 16.34099
-14.54421 45.61678 16.48271
-14.98230 46.58758 16.62381
-15.41737 47.57652 16.76411
-15.84908 48.58385 16.90339
-16.27703 49.60984 17.04144
-16.70088 50.65473 17.17803
-17.12024 51.71879 17.31293
-17.53473 52.80227 17.44589
-17.94398 53.90545 17.57667
-18.34759 55.02858 17.70498
-18.74517 56.17191 17.83056
-19.13633 57.33571 17.95311
-19.52068 58.52025 18.07234
-19.89780 59.72577 18.18794
-20.26730 60.95254 18.29959
-20.62877 62.20083 18.40695
-21.32593 64.76296 18.60741

