0.00000 0.39473
0.00230 0.38809
0.00468 0.38128
0.00713 0.37431
0.00966 0.36717
0.01228 0.35985
0.01499 0.35235
0.01780 0.34467
0.02070 0.33683
0.02371 0.32881
0.02683 0.32063
0.03007 0.31229
0.03341 0.30381
0.03688 0.29519
0.04047 0.28645
0.04418 0.27760
0.04803 0.26867
0.05200 0.25965
0.05611 0.25059
0.06036 0.24149
0.06475 0.23238
0.06929 0.22327
0.07396 0.21419
0.07879 0.20516
0.08377 0.19620
0.08890 0.18734
0.09418 0.17859
0.09962 0.16997
0.10522 0.16150
0.11098 0.15321
0.11690 0.14510
0.12298 0.13719
0.12923 0.12949
0.13564 0.12203
0.14223 0.11479
0.14898 0.10781
0.15590 0.10107
0.16299 0.09460
0.17026 0.08838
0.17770 0.08242
0.18531 0.07673
0.19311 0.07130
0.20107 0.06613
0.20922 0.06121
0.21754 0.05655
0.22605 0.05213
0.23473 0.04795
0.24360 0.04400
0.25265 0.04028
0.26188 0.03678
0.27130 0.03348
0.28090 0.03038
0.29068 0.02748
0.30065 0.02476
0.31081 0.02221
0.32115 0.01983
0.33169 0.01760
0.34241 0.01552
0.35332 0.01358
0.36442 0.01177
0.37572 0.01009
0.38720 0.00852
0.39888 0.00707
0.41076 0.00571
0.42283 0.00446
0.43509 0.00329
0.44755 0.00221
0.46021 0.00122
0.47307 0.00038
0.48613 0.00067
0.49939 0.00144
0.51285 0.00217
0.52652 0.00285
0.54039 0.00349
0.55447 0.00407
0.56876 0.00461
0.58325 0.00511
0.59796 0.00557
0.61288 0.00599
0.62802 0.00637
0.64338 0.00673
0.65895 0.00705
0.67475 0.00734
0.69077 0.00761
0.70701 0.00785
0.72348 0.00807
0.74019 0.00826
0.75713 0.00843
0.77430 0.00858
0.79171 0.00871
0.80937 0.00881
0.82727 0.00890
0.84542 0.00897
0.86382 0.00902
0.88248 0.00905
0.90139 0.00906
0.92057 0.00905
0.94002 0.00903
0.95974 0.00898
1.00000 0.00885

