0.00000 -0.05240
0.00230 -0.05205
0.00468 -0.05170
0.00713 -0.05134
0.00966 -0.05096
0.01228 -0.05058
0.01499 -0.05018
0.01780 -0.04976
0.02070 -0.04934
0.02371 -0.04890
0.02683 -0.04844
0.03007 -0.04798
0.03341 -0.04750
0.03688 -0.04701
0.04047 -0.04650
0.04418 -0.04598
0.04803 -0.04546
0.05200 -0.04491
0.05611 -0.04436
0.06036 -0.04380
0.06475 -0.04323
0.06929 -0.04265
0.07396 -0.04207
0.07879 -0.04148
0.08377 -0.04088
0.08890 -0.04028
0.09418 -0.03968
0.09962 -0.03908
0.10522 -0.03848
0.11098 -0.03788
0.11690 -0.03729
0.12298 -0.03670
0.12923 -0.03613
0.13564 -0.03556
0.14223 -0.03500
0.14898 -0.03446
0.15590 -0.03393
0.16299 -0.03342
0.17026 -0.03293
0.17770 -0.03246
0.18531 -0.03202
0.19311 -0.03161
0.20107 -0.03123
0.20922 -0.03088
0.21754 -0.03057
0.22605 -0.03030
0.23473 -0.03008
0.24360 -0.02992
0.25265 -0.02981
0.26188 -0.02977
0.27130 -0.02981
0.28090 -0.02994
0.29068 -0.03018
0.30065 -0.03055
0.31081 -0.03107
0.32115 -0.03178
0.33169 -0.03273
0.34241 -0.03399
0.35332 -0.03564
0.36442 -0.03785
0.37572 -0.04083
0.38720 -0.04496
0.39888 -0.05088
0.41076 -0.05982
0.42283 -0.07442
0.43509 -0.10130
0.44755 -0.16213
0.46021 -0.37121
0.47307 -2.55223
0.48613 -0.47536
0.49939 -0.04921
0.51285 -0.00356
0.52652 0.00568
0.54039 0.00753
0.55447 0.00740
0.56876 0.00671
0.58325 0.00590
0.59796 0.00512
0.61288 0.00441
0.62802 0.00378
0.64338 0.00324
0.65895 0.00277
0.67475 0.00236
0.69077 0.00201
0.70701 0.00170
0.72348 0.00144
0.74019 0.00121
0.75713 0.00101
0.77430 0.00083
0.79171 0.00068
0.80937 0.00055
0.82727 0.00044
0.84542 0.00034
0.86382 0.00025
0.88248 0.00017
0.90139 0.00011
0.92057 0.00005
0.94002 0.00000
0.95974 -0.00004
1.00000 -0.00011

