0.00000 0.39819
0.00230 0.39156
0.00468 0.38477
0.00713 0.37782
0.00966 0.37069
0.01228 0.36338
0.01499 0.35590
0.01780 0.34825
0.02070 0.34042
0.02371 0.33243
0.02683 0.32427
0.03007 0.31595
0.03341 0.30750
0.03688 0.29891
0.04047 0.29020
0.04418 0.28139
0.04803 0.27248
0.05200 0.26351
0.05611 0.25449
0.06036 0.24543
0.06475 0.23636
0.06929 0.22731
0.07396 0.21828
0.07879 0.20931
0.08377 0.20042
0.08890 0.19162
0.09418 0.18294
0.09962 0.17440
0.10522 0.16602
0.11098 0.15782
0.11690 0.14981
0.12298 0.14201
0.12923 0.13444
0.13564 0.12710
0.14223 0.12001
0.14898 0.11318
0.15590 0.10662
0.16299 0.10033
0.17026 0.09432
0.17770 0.08859
0.18531 0.08315
0.19311 0.07799
0.20107 0.07313
0.20922 0.06856
0.21754 0.06428
0.22605 0.06030
0.23473 0.05661
0.24360 0.05321
0.25265 0.05011
0.26188 0.04732
0.27130 0.04483
0.28090 0.04266
0.29068 0.04082
0.30065 0.03932
0.31081 0.03819
0.32115 0.03746
0.33169 0.03716
0.34241 0.03736
0.35332 0.03814
0.36442 0.03964
0.37572 0.04206
0.38720 0.04576
0.39888 0.05137
0.41076 0.06010
0.42283 0.07456
0.43509 0.10136
0.44755 0.16214
0.46021 0.37121
0.47307 2.55223
0.48613 0.47536
0.49939 0.04923
0.51285 0.00417
0.52652 0.00635
0.54039 0.00830
0.55447 0.00845
0.56876 0.00814
0.58325 0.00780
0.59796 0.00756
0.61288 0.00743
0.62802 0.00741
0.64338 0.00747
0.65895 0.00757
0.67475 0.00771
0.69077 0.00787
0.70701 0.00803
0.72348 0.00820
0.74019 0.00835
0.75713 0.00849
0.77430 0.00862
0.79171 0.00873
0.80937 0.00883
0.82727 0.00891
0.84542 0.00897
0.86382 0.00902
0.88248 0.00905
0.90139 0.00906
0.92057 0.00905
0.94002 0.00903
0.95974 0.00898
1.00000 0.00885

