7.06922 6.30325 9.20417
7.09617 6.39460 9.20461
7.12017 6.49412 9.20785
7.14062 6.60197 9.21392
7.15697 6.71826 9.22283
7.16866 6.84304 9.23456
7.17518 6.97633 9.24907
7.17604 7.11810 9.26633
7.17080 7.26833 9.28629
7.15904 7.42694 9.30888
7.14037 7.59385 9.33404
7.11446 7.76900 9.36171
7.08099 7.95228 9.39182
7.03969 8.14362 9.42430
6.99031 8.34291 9.45909
6.93263 8.55009 9.49613
6.86646 8.76507 9.53535
6.79163 8.98779 9.57670
6.70799 9.21818 9.62013
6.61543 9.45620 9.66560
6.51383 9.70180 9.71305
6.40311 9.95495 9.76245
6.28320 10.21563 9.81377
6.15404 10.48382 9.86697
6.01560 10.75954 9.92203
5.86785 11.04277 9.97892
5.71076 11.33355 10.03761
5.54435 11.63190 10.09810
5.36862 11.93786 10.16036
5.18358 12.25147 10.22437
4.98927 12.57280 10.29011
4.78572 12.90190 10.35757
4.57299 13.23886 10.42672
4.35113 13.58375 10.49754
4.12020 13.93668 10.56998
3.88028 14.29774 10.64401
3.63145 14.66706 10.71954
3.37380 15.04476 10.79648
3.10743 15.43098 10.87469
2.83243 15.82589 10.95395
2.54894 16.22970 11.03393
2.25707 16.64265 11.11408
1.95697 17.06510 11.19346
1.64887 17.49760 11.27036
1.33314 17.94123 11.34116
1.01090 18.39862 11.39706
0.68749 18.87948 11.40996
0.42528 19.45898 11.23379
1.25619 20.83314 11.12561
1.20503 21.44078 11.70898
0.87722 21.93723 11.92676
0.52028 22.44139 12.07596
0.15170 22.95636 12.20374
-0.22493 23.48220 12.32290
-0.60835 24.01890 12.43829
-0.99794 24.56653 12.55215
-1.39329 25.12520 12.66564
-1.79409 25.69507 12.77942
-2.20006 26.27632 12.89389
-2.61096 26.86913 13.00932
-3.02653 27.47372 13.12586
-3.44652 28.09028 13.24361
-3.87069 28.71905 13.36265
-4.29879 29.36023 13.48299
-4.73056 30.01406 13.60467
-5.16575 30.68076 13.72767
-5.60410 31.36057 13.85199
-6.04533 32.05373 13.97758
-6.48918 32.76046 14.10441
-6.93537 33.48102 14.23243
-7.38362 34.21564 14.36159
-7.83364 34.96457 14.49181
-8.28514 35.72806 14.62302
-8.73783 36.50635 14.75514
-9.19141 37.29970 14.88808
-9.64556 38.10837 15.02173
-10.09997 38.93259 15.15599
-10.55434 39.77264 15.29074
-11.00834 40.62877 15.42585
-11.46164 41.50123 15.56120
-11.91391 42.39030 15.69665
-12.36482 43.29622 15.83203
-12.81403 44.21926 15.96720
-13.26119 45.15969 16.10199
-13.70596 46.11778 16.23621
-14.14797 47.09377 16.36969
-14.58687 48.08796 16.50222
-15.02230 49.10059 16.63361
-15.45390 50.13194 16.76363
-15.88128 51.18229 16.89205
-16.30407 52.25188 17.01865
-16.72189 53.34101 17.14318
-17.13436 54.44993 17.26538
-17.54109 55.57892 17.38497
-17.94168 56.72824 17.50169
-18.33574 57.89818 17.61524
-18.72286 59.08899 17.72532
-19.10264 60.30096 17.83162
-19.47467 61.53434 17.93380
-20.19383 64.06644 18.12448

