8.00000 6.00000 9.00000
8.00497 6.01403 9.00201
8.00986 6.02814 9.00405
8.01469 6.04231 9.00611
8.01945 6.05654 9.00819
8.02415 6.07085 9.01030
8.02877 6.08522 9.01243
8.03332 6.09966 9.01458
8.03781 6.11417 9.01676
8.04222 6.12874 9.01896
8.04657 6.14338 9.02118
8.05084 6.15809 9.02343
8.05505 6.17287 9.02570
8.05918 6.18771 9.02799
8.06325 6.20262 9.03030
8.06724 6.21760 9.03264
8.07116 6.23264 9.03500
8.07502 6.24775 9.03738
8.07880 6.26293 9.03978
8.08251 6.27817 9.04221
8.08614 6.29348 9.04466
8.08971 6.30885 9.04713
8.09320 6.32429 9.04962
8.09663 6.33980 9.05213
8.09998 6.35537 9.05466
8.10325 6.37101 9.05722
8.10646 6.38672 9.05980
8.10959 6.40249 9.06240
8.11265 6.41832 9.06502
8.11564 6.43423 9.06766
8.11855 6.45019 9.07032
8.12139 6.46623 9.07300
8.12415 6.48233 9.07571
8.12684 6.49849 9.07843
8.12946 6.51472 9.08118
8.13200 6.53101 9.08395
8.13447 6.54737 9.08673
8.13687 6.56380 9.08954
8.13919 6.58029 9.09237
8.14143 6.59684 9.09521
8.14360 6.61346 9.09808
8.14570 6.63014 9.10097
8.14772 6.64689 9.10388
8.14966 6.66371 9.10681
8.15153 6.68058 9.10976
8.15332 6.69753 9.11272
8.15504 6.71453 9.11571
8.15668 6.73160 9.11872
8.15825 6.74874 9.12174
8.15973 6.76594 9.12479
8.16115 6.78320 9.12786
8.16248 6.80053 9.13094
8.16374 6.81792 9.13404
8.16492 6.83538 9.13717
8.16602 6.85290 9.14031
8.16705 6.87049 9.14347
8.16800 6.88813 9.14665
8.16887 6.90585 9.14985
8.16967 6.92362 9.15307
8.17038 6.94146 9.15630
8.17102 6.95937 9.15956
8.17158 6.97733 9.16283
8.17206 6.99536 9.16612
8.17246 7.01346 9.16943
8.17279 7.03162 9.17276
8.17303 7.04984 9.17611
8.17320 7.06812 9.17947
8.17329 7.08647 9.18286
8.17330 7.10488 9.18626
8.17323 7.12335 9.18968
8.17308 7.14189 9.19311
8.17285 7.16049 9.19657
8.17254 7.17916 9.20004
8.17215 7.19788 9.20353
8.17168 7.21667 9.20704
8.17113 7.23553 9.21057
8.17050 7.25444 9.21411
8.16979 7.27342 9.21767
8.16900 7.29246 9.22125
8.16813 7.31157 9.22484
8.16718 7.33074 9.22846
8.16614 7.34997 9.23209
8.16503 7.36926 9.23574
8.16383 7.38862 9.23940
8.16256 7.40803 9.24308
8.16120 7.42751 9.24678
8.15976 7.44706 9.25050
8.15824 7.46666 9.25423
8.15664 7.48633 9.25798
8.15495 7.50606 9.26174
8.15319 7.52586 9.26553
8.15134 7.54571 9.26933
8.14941 7.56563 9.27314
8.14740 7.58561 9.27698
8.14530 7.60566 9.28082
8.14312 7.62576 9.28469
8.14086 7.64593 9.28857
8.13852 7.66616 9.29247
8.13609 7.68646 9.29639
8.13358 7.70681 9.30032
8.13099 7.72723 9.30427
8.12831 7.74771 9.30823
8.12555 7.76825 9.31221
8.12271 7.78885 9.31620
8.11979 7.80952 9.32022
8.11678 7.83025 9.32424
8.11368 7.85104 9.32829
8.11050 7.87189 9.33235
8.10724 7.89280 9.33642
8.10390 7.91378 9.34052
8.10047 7.93482 9.34462
8.09695 7.95592 9.34875
8.09335 7.97708 9.35288
8.08967 7.99831 9.35704
8.08590 8.01959 9.36121
8.08205 8.04094 9.36539
8.07811 8.06235 9.36960
8.07409 8.08383 9.37381
8.06998 8.10536 9.37804
8.06579 8.12696 9.38229
8.06151 8.14862 9.38655
8.05715 8.17034 9.39083
8.05270 8.19212 9.39513
8.04817 8.21396 9.39943
8.04355 8.23587 9.40376
8.03885 8.25784 9.40810
8.03406 8.27987 9.41245
8.02918 8.30196 9.41682
8.02422 8.32411 9.42121
8.01917 8.34633 9.42560
8.01404 8.36861 9.43002
8.00882 8.39095 9.43445
8.00351 8.41335 9.43889
7.99812 8.43581 9.44335
7.99264 8.45834 9.44783
7.98707 8.48092 9.45232
7.98142 8.50357 9.45682
7.97568 8.52628 9.46134
7.96985 8.54905 9.46587
7.96394 8.57189 9.47042
7.95794 8.59479 9.47498
7.95185 8.61774 9.47956
7.94568 8.64077 9.48415
7.93942 8.66385 9.48876
7.93307 8.68699 9.49338
7.92664 8.71020 9.49802
7.92011 8.73347 9.50267
7.91350 8.75680 9.50734
7.90681 8.78019 9.51201
7.90002 8.80364 9.51671
7.89315 8.82716 9.52142
7.88619 8.85074 9.52614
7.87914 8.87438 9.53088
7.87200 8.89808 9.53563
7.86478 8.92184 9.54040
7.85747 8.94567 9.54518
7.85007 8.96956 9.54997
7.84258 8.99351 9.55478
7.83500 9.01752 9.55961
7.82734 9.04160 9.56444
7.81958 9.06574 9.56930
7.81174 9.08994 9.57416
7.80381 9.11420 9.57904
7.79580 9.13852 9.58394
7.78769 9.16291 9.58885
7.77949 9.18736 9.59377
7.77121 9.21187 9.59871
7.76284 9.23644 9.60366
7.75438 9.26107 9.60862
7.74583 9.28577 9.61360
7.73719 9.31053 9.61860
7.72846 9.33535 9.62360
7.71964 9.36024 9.62863
7.71074 9.38519 9.63366
7.70174 9.41020 9.63871
7.69266 9.43527 9.64378
7.68348 9.46040 9.64885
7.67422 9.48560 9.65395
7.66487 9.51086 9.65905
7.65543 9.53618 9.66417
7.64590 9.56157 9.66930
7.63628 9.58702 9.67445
7.62657 9.61253 9.67961
7.61677 9.63810 9.68479
7.60688 9.66374 9.68998
7.59690 9.68944 9.69518
7.58684 9.71520 9.70040
7.57668 9.74103 9.70563
7.56643 9.76691 9.71087
7.55610 9.79286 9.71613
7.54567 9.81888 9.72140
7.53515 9.84496 9.72669
7.52455 9.87110 9.73199
7.51385 9.89730 9.73731
7.50306 9.92357 9.74263
7.49219 9.94990 9.74798
7.48122 9.97629 9.75333
7.47017 10.00275 9.75870
7.45902 10.02927 9.76408
7.44778 10.05585 9.76948
7.43646 10.08250 9.77489
7.42504 10.10921 9.78032
7.41354 10.13598 9.78575
7.40194 10.16282 9.79121
7.39025 10.18972 9.79667
7.37848 10.21668 9.80215
7.36661 10.24371 9.80764
7.35465 10.27080 9.81315
7.34260 10.29796 9.81867
7.33046 10.32518 9.82421
7.31823 10.35246 9.82976
7.30592 10.37981 9.83532
7.29351 10.40722 9.84089
7.28101 10.43470 9.84648
7.26842 10.46224 9.85209
7.25573 10.48984 9.85770
7.24296 10.51751 9.86334
7.23010 10.54524 9.86898
7.21715 10.57304 9.87464
7.20411 10.60090 9.88031
7.19097 10.62883 9.88600
7.17775 10.65682 9.89170
7.16443 10.68487 9.89741
7.15103 10.71299 9.90314
7.13753 10.74117 9.90888
7.12395 10.76942 9.91464
7.11027 10.79774 9.92041
7.09650 10.82612 9.92619
7.08264 10.85456 9.93199
7.06869 10.88307 9.93780
7.05465 10.91164 9.94362
7.04052 10.94028 9.94946
7.02630 10.96898 9.95531
7.01199 10.99775 9.96118
6.99759 11.02659 9.96706
6.98310 11.05549 9.97295
6.96851 11.08445 9.97886
6.95384 11.11348 9.98478
6.93907 11.14258 9.99071
6.92422 11.17174 9.99666
6.90927 11.20097 10.00263
6.89423 11.23026 10.00860
6.87910 11.25962 10.01459
6.86389 11.28905 10.02060
6.84858 11.31854 10.02662
6.83318 11.34810 10.03265
6.81769 11.37772 10.03870
6.80211 11.40741 10.04476
6.78643 11.43716 10.05083
6.77067 11.46699 10.05692
6.75482 11.49688 10.06302
6.73887 11.52683 10.06914
6.72284 11.55685 10.07527
6.70671 11.58694 10.08141
6.69050 11.61710 10.08757
6.67419 11.64732 10.09374
6.65780 11.67761 10.09993
6.64131 11.70796 10.10613
6.62473 11.73838 10.11234
6.60806 11.76887 10.11857
6.59130 11.79943 10.12482
6.57445 11.83006 10.13107
6.55751 11.86075 10.13734
6.54048 11.89151 10.14363
6.52336 11.92233 10.14993
6.50615 11.95323 10.15624
6.48885 11.98419 10.16257
6.47146 12.01522 10.16891
6.45398 12.04632 10.17527
6.43640 12.07748 10.18164
6.41874 12.10872 10.18802
6.40099 12.14002 10.19442
6.38315 12.17139 10.20084
6.36521 12.20283 10.20726
6.34719 12.23433 10.21371
6.32907 12.26591 10.22016
6.31087 12.29755 10.22663
6.29257 12.32926 10.23312
6.27419 12.36104 10.23962
6.25572 12.39289 10.24613
6.23715 12.42481 10.25266
6.21850 12.45680 10.25920
6.19975 12.48886 10.26576
6.18092 12.52098 10.27233
6.16199 12.55318 10.27892
6.14298 12.58544 10.28552
6.12388 12.61778 10.29213
6.10468 12.65018 10.29876
6.08540 12.68265 10.30541
6.06602 12.71520 10.31206
6.04656 12.74781 10.31874
6.02701 12.78049 10.32542
6.00737 12.81325 10.33213
5.98764 12.84607 10.33884
5.96781 12.87896 10.34558
5.94790 12.91193 10.35232
5.92790 12.94496 10.35908
5.90781 12.97807 10.36586
5.88763 13.01124 10.37265
5.86737 13.04449 10.37946
5.84701 13.07780 10.38628
5.82656 13.11119 10.39311
5.80603 13.14465 10.39996
5.78540 13.17818 10.40683
5.76469 13.21178 10.41371
5.74388 13.24546 10.42060
5.72299 13.27920 10.42751
5.70201 13.31302 10.43443
5.68094 13.34690 10.44137
5.65978 13.38086 10.44833
5.63853 13.41489 10.45530
5.61720 13.44900 10.46228
5.59577 13.48317 10.46928
5.57426 13.51742 10.47629
5.55266 13.55174 10.48332
5.53097 13.58613 10.49037
5.50919 13.62060 10.49743
5.48732 13.65513 10.50450
5.46536 13.68974 10.51159
5.44332 13.72443 10.51870
5.42119 13.75918 10.52582
5.39897 13.79401 10.53295
5.37666 13.82891 10.54010
5.35426 13.86389 10.54727
5.33178 13.89894 10.55445
5.30921 13.93406 10.56165
5.28655 13.96926 10.56886
5.26380 14.00453 10.57609
5.24096 14.03987 10.58333
5.21804 14.07529 10.59059
5.19503 14.11078 10.59786
5.17193 14.14635 10.60515
5.14875 14.18199 10.61246
5.12547 14.21771 10.61978
5.10211 14.25350 10.62711
5.07866 14.28936 10.63447
5.05513 14.32530 10.64183
5.03151 14.36132 10.64922
5.00780 14.39741 10.65661
4.98400 14.43357 10.66403
4.96012 14.46981 10.67146
4.93615 14.50613 10.67890
4.91210 14.54252 10.68636
4.88795 14.57899 10.69384
4.86373 14.61553 10.70133
4.83941 14.65215 10.70884
4.81501 14.68885 10.71637
4.79052 14.72562 10.72391
4.76595 14.76247 10.73146
4.74128 14.79939 10.73904
4.71654 14.83639 10.74662
4.69171 14.87347 10.75423
4.66679 14.91062 10.76185
4.64178 14.94785 10.76948
4.61669 14.98516 10.77714
4.59152 15.02255 10.78480
4.56626 15.06001 10.79249
4.54091 15.09755 10.80019
4.51548 15.13517 10.80790
4.48996 15.17287 10.81564
4.46436 15.21064 10.82339
4.43867 15.24849 10.83115
4.41290 15.28642 10.83893
4.38704 15.32443 10.84673
4.36110 15.36252 10.85454
4.33507 15.40069 10.86237
4.30896 15.43893 10.87022
4.28276 15.47725 10.87808
4.25648 15.51566 10.88596
4.23011 15.55414 10.89386
4.20366 15.59270 10.90177
4.17713 15.63134 10.90970
4.15051 15.67006 10.91764
4.12381 15.70886 10.92560
4.09702 15.74774 10.93358
4.07015 15.78669 10.94158
4.04320 15.82573 10.94959
4.01616 15.86485 10.95762
3.98904 15.90405 10.96566
3.96184 15.94333 10.97372
3.93455 15.98269 10.98180
3.90718 16.02214 10.98989
3.87973 16.06166 10.99801
3.85219 16.10126 11.00613
3.82457 16.14095 11.01428
3.79687 16.18071 11.02244
3.76908 16.22056 11.03062
3.74122 16.26049 11.03881
3.71327 16.30050 11.04703
3.68523 16.34059 11.05526
3.65712 16.38077 11.06350
3.62892 16.42103 11.07177
3.60065 16.46137 11.08005
3.57228 16.50179 11.08834
3.54384 16.54230 11.09666
3.51532 16.58288 11.10499
3.48671 16.62355 11.11334
3.45803 16.66431 11.12170
3.42926 16.70515 11.13008
3.40041 16.74607 11.13848
3.37148 16.78707 11.14690
3.34247 16.82816 11.15534
3.31337 16.86933 11.16379
3.28420 16.91059 11.17226
3.25495 16.95193 11.18074
3.22561 16.99335 11.18925
3.19620 17.03486 11.19777
3.16670 17.07646 11.20630
3.13713 17.11814 11.21486
3.10747 17.15990 11.22343
3.07774 17.20175 11.23202
3.04792 17.24368 11.24063
3.01803 17.28570 11.24926
2.98805 17.32781 11.25790
2.95800 17.37000 11.26656
2.92786 17.41228 11.27524
2.89765 17.45464 11.28393
2.86736 17.49709 11.29264
2.83699 17.53962 11.30137
2.80654 17.58225 11.31012
2.77602 17.62495 11.31889
2.74541 17.66775 11.32767
2.71473 17.71063 11.33647
2.68396 17.75360 11.34529
2.65312 17.79666 11.35413
2.62220 17.83980 11.36298
2.59121 17.88304 11.37186
2.56013 17.92636 11.38075
2.52898 17.96977 11.38965
2.49775 18.01326 11.39858
2.46644 18.05685 11.40752
2.43506 18.10052 11.41649
2.40360 18.14428 11.42546
2.37206 18.18813 11.43446
2.34045 18.23207 11.44348
2.30876 18.27610 11.45251
2.27699 18.32022 11.46156
2.24514 18.36443 11.47063
2.21322 18.40872 11.47972
2.18123 18.45311 11.48883
2.14916 18.49759 11.49795
2.11701 18.54216 11.50709
2.08478 18.58681 11.51625
2.05248 18.63156 11.52543
2.02011 18.67640 11.53463
1.98766 18.72133 11.54384
1.95514 18.76635 11.55307
1.92254 18.81146 11.56232
1.88986 18.85666 11.57159
1.85711 18.90196 11.58088
1.82429 18.94735 11.59019
1.79139 18.99282 11.59951
1.75842 19.03839 11.60885
1.72537 19.08406 11.61821
1.69225 19.12981 11.62759
1.65906 19.17566 11.63699
1.62579 19.22160 11.64641
1.59245 19.26763 11.65584
1.55904 19.31376 11.66529
1.52555 19.35998 11.67477
1.49199 19.40629 11.68425
1.45836 19.45270 11.69376
1.42465 19.49920 11.70329
1.39088 19.54579 11.71284
1.35703 19.59248 11.72240
1.32311 19.63926 11.73198
1.28911 19.68614 11.74158
1.25505 19.73311 11.75120
1.22091 19.78018 11.76084
1.18670 19.82734 11.77050
1.15242 19.87460 11.78017
1.11807 19.92195 11.78987
1.08364 19.96940 11.79958
1.04915 20.01694 11.80931
1.01459 20.06458 11.81906
0.97995 20.11232 11.82883
0.94525 20.16015 11.83862
0.91047 20.20808 11.84842
0.87563 20.25610 11.85825
0.84071 20.30423 11.86809
0.80573 20.35245 11.87795
0.77067 20.40076 11.88784
0.73555 20.44918 11.89774
0.70036 20.49769 11.90765
0.66510 20.54630 11.91759
0.62977 20.59501 11.92755
0.59437 20.64381 11.93752
0.55890 20.69271 11.94752
0.52336 20.74172 11.95753
0.48776 20.79082 11.96756
0.45209 20.84002 11.97762
0.41635 20.88932 11.98769
0.38054 20.93872 11.99777
0.34466 20.98821 12.00788
0.30872 21.03781 12.01801
0.27271 21.08751 12.02815
0.23664 21.13731 12.03832
0.20049 21.18720 12.04850
0.16428 21.23720 12.05870
0.12801 21.28730 12.06893
0.09167 21.33750 12.07917
0.05526 21.38780 12.08943
0.01878 21.43820 12.09970
-0.01775 21.48871 12.11000
-0.05436 21.53931 12.12032
-0.09103 21.59002 12.13065
-0.12776 21.64082 12.14101
-0.16456 21.69174 12.15138
-0.20143 21.74275 12.16178
-0.23836 21.79386 12.17219
-0.27535 21.84508 12.18262
-0.31241 21.89640 12.19307
-0.34953 21.94783 12.20354
-0.38672 21.99936 12.21402
-0.42397 22.05099 12.22453
-0.46128 22.10272 12.23506
-0.49866 22.15456 12.24560
-0.53609 22.20650 12.25617
-0.57360 22.25855 12.26675
-0.61116 22.31070 12.27735
-0.64879 22.36296 12.28798
-0.68648 22.41532 12.29862
-0.72423 22.46779 12.30928
-0.76204 22.52036 12.31996
-0.79991 22.57304 12.33065
-0.83785 22.62582 12.34137
-0.87585 22.67871 12.35211
-0.91390 22.73170 12.36286
-0.95202 22.78480 12.37364
-0.99020 22.83801 12.38443
-1.02844 22.89133 12.39524
-1.06674 22.94475 12.40608
-1.10510 22.99828 12.41693
-1.14352 23.05191 12.42780
-1.18200 23.10566 12.43869
-1.22054 23.15951 12.44959
-1.25914 23.21347 12.46052
-1.29780 23.26753 12.47147
-1.33652 23.32171 12.48243
-1.37529 23.37599 12.49342
-1.41413 23.43039 12.50442
-1.45302 23.48489 12.51545
-1.49197 23.53950 12.52649
-1.53098 23.59422 12.53755
-1.57004 23.64905 12.54863
-1.60916 23.70399 12.55973
-1.64834 23.75904 12.57085
-1.68758 23.81420 12.58198
-1.72687 23.86947 12.59314
-1.76622 23.92485 12.60431
-1.80563 23.98034 12.61551
-1.84509 24.03594 12.62672
-1.88461 24.09166 12.63796
-1.92419 24.14748 12.64921
-1.96382 24.20342 12.66048
-2.00350 24.25947 12.67177
-2.04324 24.31563 12.68308
-2.08304 24.37190 12.69440
-2.12289 24.42829 12.70575
-2.16279 24.48479 12.71711
-2.20275 24.54140 12.72850
-2.24276 24.59813 12.73990
-2.28283 24.65496 12.75132
-2.32295 24.71192 12.76277
-2.36312 24.76898 12.77423
-2.40334 24.82616 12.78570
-2.44362 24.88345 12.79720
-2.48395 24.94086 12.80872
-2.52434 24.99838 12.82025
-2.56477 25.05602 12.83181
-2.60526 25.11377 12.84338
-2.64580 25.17164 12.85497
-2.68639 25.22963 12.86658
-2.72704 25.28772 12.87821
-2.76773 25.34594 12.88986
-2.80847 25.40427 12.90153
-2.84927 25.46272 12.91321
-2.89012 25.52128 12.92492
-2.93101 25.57996 12.93664
-2.97196 25.63876 12.94838
-3.01295 25.69767 12.96014
-3.05400 25.75671 12.97192
-3.09509 25.81586 12.98372
-3.13623 25.87513 12.99554
-3.17743 25.93451 13.00737
-3.21867 25.99402 13.01922
-3.25996 26.05364 13.03110
-3.30129 26.11338 13.04299
-3.34268 26.17324 13.05489
-3.38411 26.23322 13.06682
-3.42559 26.29332 13.07877
-3.46712 26.35354 13.09073
-3.50869 26.41388 13.10271
-3.55031 26.47434 13.11471
-3.59198 26.53491 13.12673
-3.63369 26.59561 13.13877
-3.67545 26.65643 13.15083
-3.71726 26.71738 13.16290
-3.75911 26.77844 13.17499
-3.80100 26.83962 13.18710
-3.84294 26.90093 13.19923
-3.88493 26.96236 13.21138
-3.92696 27.02390 13.22354
-3.96903 27.08558 13.23573
-4.01115 27.14737 13.24793
-4.05331 27.20929 13.26015
-4.09552 27.27133 13.27238
-4.13777 27.33349 13.28464
-4.18006 27.39578 13.29691
-4.22240 27.45819 13.30920
-4.26477 27.52072 13.32151
-4.30719 27.58338 13.33384
-4.34966 27.64616 13.34618
-4.39216 27.70907 13.35854
-4.43470 27.77210 13.37092
-4.47729 27.83526 13.38332
-4.51992 27.89854 13.39574
-4.56259 27.96195 13.40817
-4.60530 28.02548 13.42062
-4.64805 28.08914 13.43309
-4.69084 28.15293 13.44557
-4.73366 28.21684 13.45807
-4.77653 28.28088 13.47059
-4.81944 28.34504 13.48313
-4.86239 28.40934 13.49569
-4.90538 28.47375 13.50826
-4.94840 28.53830 13.52085
-4.99146 28.60298 13.53346
-5.03456 28.66778 13.54608
-5.07770 28.73271 13.55872
-5.12088 28.79777 13.57138
-5.16409 28.86296 13.58406
-5.20734 28.92828 13.59675
-5.25063 28.99372 13.60946
-5.29395 29.05930 13.62218
-5.33731 29.12500 13.63493
-5.38071 29.19084 13.64769
-5.42414 29.25680 13.66046
-5.46761 29.32290 13.67326
-5.51111 29.38913 13.68607
-5.55465 29.45548 13.69890
-5.59822 29.52197 13.71174
-5.64183 29.58859 13.72460
-5.68547 29.65534 13.73748
-5.72914 29.72222 13.75037
-5.77285 29.78924 13.76328
-5.81659 29.85638 13.77621
-5.86036 29.92366 13.78915
-5.90417 29.99107 13.80211
-5.94801 30.05862 13.81508
-5.99188 30.12630 13.82807
-6.03578 30.19411 13.84108
-6.07972 30.26205 13.85410
-6.12369 30.33013 13.86714
-6.16768 30.39834 13.88020
-6.21171 30.46669 13.89327
-6.25577 30.53517 13.90635
-6.29986 30.60379 13.91946
-6.34398 30.67254 13.93257
-6.38813 30.74143 13.94571
-6.43231 30.81045 13.95886
-6.47652 30.87961 13.97202
-6.52076 30.94890 13.98520
-6.56502 31.01833 13.99840
-6.60932 31.08789 14.01161
-6.65364 31.15760 14.02484
-6.69799 31.22744 14.03808
-6.74237 31.29742 14.05133
-6.78677 31.36753 14.06461
-6.83121 31.43778 14.07789
-6.87566 31.50817 14.09119
-6.92015 31.57870 14.10451
-6.96466 31.64937 14.11784
-7.00920 31.72017 14.13119
-7.05376 31.79112 14.14455
-7.09835 31.86220 14.15793
-7.14297 31.93342 14.17132
-7.18761 32.00478 14.18472
-7.23227 32.07629 14.19814
-7.27696 32.14793 14.21157
-7.32167 32.21971 14.22502
-7.36640 32.29163 14.23848
-7.41116 32.36370 14.25196
-7.45594 32.43590 14.26545
-7.50075 32.50825 14.27895
-7.54557 32.58073 14.29247
-7.59042 32.65336 14.30600
-7.63529 32.72614 14.31955
-7.68018 32.79905 14.33311
-7.72510 32.87210 14.34668
-7.77003 32.94530 14.36027
-7.81499 33.01865 14.37387
-7.85996 33.09213 14.38748
-7.90496 33.16576 14.40111
-7.94998 33.23953 14.41475
-7.99501 33.31345 14.42840
-8.04007 33.38751 14.44206
-8.08514 33.46171 14.45574
-8.13023 33.53606 14.46944
-8.17535 33.61056 14.48314
-8.22047 33.68520 14.49686
-8.26562 33.75998 14.51059
-8.31079 33.83491 14.52433
-8.35597 33.90999 14.53808
-8.40117 33.98521 14.55185
-8.44638 34.06058 14.56563
-8.49161 34.13610 14.57942
-8.53686 34.21176 14.59323
-8.58213 34.28757 14.60704
-8.62740 34.36353 14.62087
-8.67270 34.43963 14.63471
-8.71801 34.51589 14.64856
-8.76333 34.59229 14.66242
-8.80867 34.66884 14.67630
-8.85402 34.74554 14.69019
-8.89939 34.82238 14.70408
-8.94476 34.89938 14.71799
-8.99016 34.97653 14.73191
-9.03556 35.05382 14.74584
-9.08098 35.13127 14.75978
-9.12641 35.20886 14.77374
-9.17185 35.28661 14.78770
-9.21730 35.36451 14.80168
-9.26276 35.44255 14.81566
-9.30824 35.52075 14.82966
-9.35372 35.59910 14.84366
-9.39921 35.67761 14.85768
-9.44472 35.75626 14.87170
-9.49023 35.83507 14.88574
-9.53576 35.91402 14.89979
-9.58129 35.99314 14.91384
-9.62683 36.07240 14.92791
-9.67238 36.15182 14.94199
-9.71794 36.23139 14.95607
-9.76351 36.31111 14.97017
-9.80908 36.39099 14.98427
-9.85466 36.47102 14.99838
-9.90025 36.55121 15.01251
-9.94584 36.63155 15.02664
-9.99144 36.71205 15.04078
-10.03705 36.79270 15.05493
-10.08266 36.87351 15.06908
-10.12828 36.95447 15.08325
-10.17390 37.03559 15.09742
-10.21952 37.11687 15.11161
-10.26515 37.19830 15.12580
-10.31079 37.27989 15.14000
-10.35643 37.36163 15.15421
-10.40207 37.44353 15.16842
-10.44771 37.52559 15.18264
-10.49336 37.60781 15.19688
-10.53901 37.69019 15.21111
-10.58466 37.77272 15.22536
-10.63031 37.85542 15.23961
-10.67597 37.93827 15.25387
-10.72162 38.02128 15.26814
-10.76728 38.10445 15.28241
-10.81294 38.18778 15.29669
-10.85860 38.27127 15.31098
-10.90425 38.35491 15.32527
-10.94991 38.43872 15.33957
-10.99556 38.52269 15.35388
-11.04122 38.60682 15.36819
-11.08687 38.69112 15.38251
-11.13252 38.77557 15.39683
-11.17817 38.86018 15.41116
-11.22382 38.94496 15.42550
-11.26946 39.02990 15.43984
-11.31510 39.11500 15.45419
-11.36074 39.20026 15.46854
-11.40637 39.28569 15.48290
-11.45200 39.37128 15.49726
-11.49762 39.45703 15.51162
-11.54324 39.54295 15.52599
-11.58886 39.62903 15.54037
-11.63447 39.71528 15.55475
-11.68007 39.80168 15.56913
-11.72567 39.88826 15.58352
-11.77126 39.97500 15.59791
-11.81684 40.06190 15.61231
-11.86242 40.14897 15.62671
-11.90799 40.23621 15.64111
-11.95355 40.32361 15.65552
-11.99910 40.41117 15.66993
-12.04465 40.49891 15.68434
-12.09018 40.58681 15.69876
-12.13571 40.67488 15.71318
-12.18122 40.76311 15.72760
-12.22673 40.85151 15.74202
-12.27223 40.94008 15.75645
-12.31772 41.02882 15.77088
-12.36319 41.11773 15.78531
-12.40866 41.20680 15.79974
-12.45411 41.29605 15.81417
-12.49955 41.38546 15.82861
-12.54498 41.47504 15.84304
-12.59039 41.56479 15.85748
-12.63580 41.65472 15.87192
-12.68119 41.74481 15.88636
-12.72656 41.83507 15.90080
-12.77193 41.92550 15.91524
-12.81727 42.01611 15.92968
-12.86261 42.10688 15.94413
-12.90793 42.19783 15.95857
-12.95323 42.28895 15.97301
-12.99852 42.38024 15.98745
-13.04379 42.47170 16.00189
-13.08904 42.56334 16.01634
-13.13428 42.65514 16.03078
-13.17950 42.74712 16.04522
-13.22470 42.83928 16.05965
-13.26989 42.93160 16.07409
-13.31506 43.02411 16.08853
-13.36021 43.11678 16.10296
-13.40534 43.20963 16.11739
-13.45045 43.30265 16.13182
-13.49554 43.39585 16.14625
-13.54061 43.48923 16.16068
-13.58566 43.58278 16.17510
-13.63069 43.67650 16.18952
-13.67570 43.77040 16.20394
-13.72069 43.86448 16.21836
-13.76566 43.95873 16.23277
-13.81061 44.05316 16.24718
-13.85553 44.14777 16.26158
-13.90043 44.24256 16.27599
-13.94531 44.33752 16.29038
-13.99016 44.43266 16.30478
-14.03499 44.52797 16.31917
-14.07979 44.62347 16.33355
-14.12457 44.71914 16.34793
-14.16933 44.81500 16.36231
-14.21406 44.91103 16.37668
-14.25877 45.00724 16.39105
-14.30345 45.10363 16.40541
-14.34810 45.20020 16.41976
-14.39273 45.29695 16.43411
-14.43732 45.39389 16.44845
-14.48190 45.49100 16.46279
-14.52644 45.58829 16.47712
-14.57096 45.68576 16.49144
-14.61544 45.78342 16.50576
-14.65990 45.88126 16.52007
-14.70433 45.97928 16.53437
-14.74873 46.07748 16.54867
-14.79310 46.17586 16.56296
-14.83744 46.27443 16.57724
-14.88175 46.37318 16.59151
-14.92603 46.47211 16.60577
-14.97027 46.57123 16.62003
-15.01449 46.67053 16.63428
-15.05867 46.77001 16.64852
-15.10282 46.86968 16.66275
-15.14694 46.96953 16.67697
-15.19102 47.06957 16.69118
-15.23507 47.16980 16.70538
-15.27909 47.27020 16.71957
-15.32307 47.37080 16.73375
-15.36702 47.47158 16.74792
-15.41093 47.57255 16.76208
-15.45481 47.67370 16.77623
-15.49865 47.77504 16.79037
-15.54245 47.87657 16.80450
-15.58622 47.97828 16.81862
-15.62995 48.08018 16.83272
-15.67364 48.18227 16.84682
-15.71730 48.28455 16.86090
-15.76092 48.38701 16.87497
-15.80450 48.48967 16.88902
-15.84804 48.59251 16.90307
-15.89154 48.69554 16.91710
-15.93500 48.79876 16.93112
-15.97842 48.90218 16.94512
-16.02180 49.00578 16.95911
-16.06514 49.10957 16.97309
-16.10844 49.21355 16.98705
-16.15170 49.31772 17.00100
-16.19492 49.42209 17.01494
-16.23809 49.52664 17.02886
-16.28122 49.63139 17.04276
-16.32431 49.73633 17.05665
-16.36736 49.84146 17.07052
-16.41036 49.94678 17.08438
-16.45331 50.05229 17.09822
-16.49623 50.15800 17.11205
-16.53909 50.26390 17.12586
-16.58192 50.37000 17.13965
-16.62469 50.47628 17.15343
-16.66742 50.58277 17.16719
-16.71011 50.68944 17.18093
-16.75274 50.79631 17.19465
-16.79533 50.90338 17.20836
-16.83788 51.01064 17.22205
-16.88037 51.11809 17.23572
-16.92282 51.22574 17.24937
-16.96521 51.33359 17.26300
-17.00756 51.44163 17.27661
-17.04986 51.54987 17.29021
-17.09211 51.65831 17.30378
-17.13431 51.76694 17.31733
-17.17646 51.87577 17.33087
-17.21855 51.98480 17.34438
-17.26060 52.09402 17.35787
-17.30259 52.20345 17.37135
-17.34453 52.31307 17.38480
-17.38642 52.42289 17.39823
-17.42826 52.53290 17.41163
-17.47004 52.64312 17.42502
-17.51177 52.75354 17.43838
-17.55344 52.86415 17.45172
-17.59506 52.97497 17.46504
-17.63662 53.08599 17.47833
-17.67813 53.19720 17.49161
-17.71958 53.30862 17.50485
-17.76098 53.42024 17.51808
-17.80232 53.53205 17.53128
-17.84361 53.64407 17.54445
-17.88483 53.75630 17.55760
-17.92600 53.86872 17.57073
-17.96711 53.98134 17.58383
-18.00816 54.09417 17.59690
-18.04915 54.20720 17.60995
-18.09009 54.32044 17.62297
-18.13096 54.43387 17.63597
-18.17177 54.54752 17.64894
-18.21253 54.66136 17.66188
-18.25322 54.77541 17.67480
-18.29385 54.88966 17.68769
-18.33442 55.00412 17.70055
-18.37492 55.11878 17.71338
-18.41537 55.23365 17.72618
-18.45575 55.34872 17.73896
-18.49607 55.46400 17.75170
-18.53632 55.57948 17.76442
-18.57651 55.69517 17.77711
-18.61663 55.81107 17.78977
-18.65669 55.92718 17.80239
-18.69669 56.04349 17.81499
-18.73662 56.16000 17.82756
-18.77648 56.27673 17.84009
-18.81628 56.39366 17.85260
-18.85601 56.51080 17.86507
-18.89567 56.62815 17.87751
-18.93526 56.74571 17.88992
-18.97479 56.86348 17.90229
-19.01425 56.98146 17.91463
-19.05363 57.09964 17.92694
-19.09295 57.21804 17.93922
-19.13220 57.33664 17.95146
-19.17138 57.45546 17.96367
-19.21049 57.57448 17.97584
-19.24953 57.69372 17.98798
-19.28849 57.81317 18.00008
-19.32738 57.93283 18.01215
-19.36621 58.05270 18.02418
-19.40495 58.17278 18.03618
-19.44363 58.29307 18.04814
-19.48223 58.41358 18.06006
-19.52076 58.53430 18.07195
-19.55921 58.65523 18.08380
-19.59759 58.77638 18.09561
-19.63590 58.89774 18.10738
-19.67413 59.01931 18.11912
-19.71228 59.14109 18.13082
-19.75035 59.26309 18.14247
-19.78835 59.38531 18.15409
-19.82627 59.50774 18.16567
-19.86412 59.63038 18.17721
-19.90188 59.75324 18.18871
-19.93957 59.87632 18.20017
-19.97718 59.99961 18.21158
-20.01471 60.12312 18.22296
-20.05216 60.24684 18.23429
-20.08953 60.37078 18.24558
-20.12682 60.49494 18.25683
-20.16403 60.61931 18.26804
-20.20115 60.74390 18.27921
-20.23820 60.86871 18.29033
-20.27516 60.99374 18.30140
-20.31204 61.11898 18.31244
-20.34883 61.24445 18.32343
-20.38555 61.37013 18.33437
-20.42218 61.49603 18.34527
-20.45872 61.62215 18.35612
-20.49518 61.74849 18.36693
-20.53156 61.87505 18.37769
-20.56785 62.00183 18.38841
-20.60405 62.12883 18.39908
-20.64017 62.25605 18.40970
-20.67620 62.38349 18.42027
-20.71214 62.51116 18.43080
-20.74799 62.63904 18.44127
-20.78376 62.76715 18.45170
-20.81944 62.89547 18.46208
-20.85503 63.02402 18.47241
-20.89053 63.15279 18.48269
-20.92594 63.28179 18.49292
-20.96125 63.41101 18.50310
-20.99648 63.54045 18.51323
-21.03162 63.67011 18.52331

