8.00000 6.00000 9.00000
8.04657 6.14338 9.02118
8.08614 6.29348 9.04466
8.11855 6.45019 9.07032
8.14360 6.61346 9.09808
8.16115 6.78320 9.12786
8.17102 6.95937 9.15956
8.17308 7.14189 9.19311
8.16718 7.33074 9.22846
8.15319 7.52586 9.26553
8.13099 7.72723 9.30427
8.10047 7.93482 9.34462
8.06151 8.14862 9.38655
8.01404 8.36861 9.43002
7.95794 8.59479 9.47498
7.89315 8.82716 9.52142
7.81958 9.06574 9.56930
7.73719 9.31053 9.61860
7.64590 9.56157 9.66930
7.54567 9.81888 9.72140
7.43646 10.08250 9.77489
7.31823 10.35246 9.82976
7.19097 10.62883 9.88600
7.05465 10.91164 9.94362
6.90927 11.20097 10.00263
6.75482 11.49688 10.06302
6.59130 11.79943 10.12482
6.41874 12.10872 10.18802
6.23715 12.42481 10.25266
6.04656 12.74781 10.31874
5.84701 13.07780 10.38628
5.63853 13.41489 10.45530
5.42119 13.75918 10.52582
5.19503 14.11078 10.59786
4.96012 14.46981 10.67146
4.71654 14.83639 10.74662
4.46436 15.21064 10.82339
4.20366 15.59270 10.90177
3.93455 15.98269 10.98180
3.65712 16.38077 11.06350
3.37148 16.78707 11.14690
3.07774 17.20175 11.23202
2.77602 17.62495 11.31889
2.46644 18.05685 11.40752
2.14916 18.49759 11.49795
1.82429 18.94735 11.59019
1.49199 19.40629 11.68425
1.15242 19.87460 11.78017
0.80573 20.35245 11.87795
0.45209 20.84002 11.97762
0.09167 21.33750 12.07917
-0.27535 21.84508 12.18262
-0.64879 22.36296 12.28798
-1.02844 22.89133 12.39524
-1.41413 23.43039 12.50442
-1.80563 23.98034 12.61551
-2.20275 24.54140 12.72850
-2.60526 25.11377 12.84338
-3.01295 25.69767 12.96014
-3.42559 26.29332 13.07877
-3.84294 26.90093 13.19923
-4.26477 27.52072 13.32151
-4.69084 28.15293 13.44557
-5.12088 28.79777 13.57138
-5.55465 29.45548 13.69890
-5.99188 30.12630 13.82807
-6.43231 30.81045 13.95886
-6.87566 31.50817 14.09119
-7.32167 32.21971 14.22502
-7.77003 32.94530 14.36027
-8.22047 33.68520 14.49686
-8.67270 34.43963 14.63471
-9.12641 35.20886 14.77374
-9.58129 35.99314 14.91384
-10.03705 36.79270 15.05493
-10.49336 37.60781 15.19688
-10.94991 38.43872 15.33957
-11.40637 39.28569 15.48290
-11.86242 40.14897 15.62671
-12.31772 41.02882 15.77088
-12.77193 41.92550 15.91524
-13.22470 42.83928 16.05965
-13.67570 43.77040 16.20394
-14.12457 44.71914 16.34793
-14.57096 45.68576 16.49144
-15.01449 46.67053 16.63428
-15.45481 47.67370 16.77623
-15.89154 48.69554 16.91710
-16.32431 49.73633 17.05665
-16.75274 50.79631 17.19465
-17.17646 51.87577 17.33087
-17.59506 52.97497 17.46504
-18.00816 54.09417 17.59690
-18.41537 55.23365 17.72618
-18.81628 56.39366 17.85260
-19.21049 57.57448 17.97584
-19.59759 58.77638 18.09561
-19.97718 59.99961 18.21158
-20.34883 61.24445 18.32343
-21.06667 63.80000 18.53333

