0.33333 0.93333 0.13333
0.32783 0.93511 0.13453
0.32233 0.93685 0.13572
0.31685 0.93855 0.13688
0.31138 0.94021 0.13803
0.30593 0.94183 0.13916
0.30048 0.94342 0.14027
0.29505 0.94496 0.14137
0.28964 0.94648 0.14245
0.28424 0.94795 0.14351
0.27885 0.94939 0.14456
0.27348 0.95080 0.14559
0.26812 0.95217 0.14660
0.26278 0.95350 0.14760
0.25745 0.95480 0.14858
0.25214 0.95607 0.14955
0.24685 0.95730 0.15050
0.24157 0.95850 0.15143
0.23631 0.95966 0.15235
0.23106 0.96079 0.15326
0.22583 0.96189 0.15415
0.22062 0.96296 0.15502
0.21543 0.96400 0.15588
0.21026 0.96500 0.15672
0.20510 0.96598 0.15755
0.19996 0.96692 0.15837
0.19484 0.96783 0.15917
0.18974 0.96872 0.15996
0.18466 0.96957 0.16073
0.17960 0.97039 0.16149
0.17455 0.97119 0.16224
0.16953 0.97196 0.16297
0.16453 0.97270 0.16369
0.15954 0.97341 0.16440
0.15457 0.97409 0.16509
0.14963 0.97475 0.16577
0.14470 0.97538 0.16644
0.13980 0.97598 0.16709
0.13492 0.97656 0.16773
0.13005 0.97711 0.16836
0.12521 0.97763 0.16898
0.12039 0.97814 0.16958
0.11559 0.97861 0.17018
0.11080 0.97906 0.17076
0.10605 0.97949 0.17133
0.10131 0.97989 0.17188
0.09659 0.98027 0.17243
0.09190 0.98063 0.17297
0.08722 0.98097 0.17349
0.08257 0.98128 0.17400
0.07794 0.98157 0.17451
0.07333 0.98183 0.17500
0.06874 0.98208 0.17548
0.06418 0.98231 0.17595
0.05963 0.98251 0.17641
0.05511 0.98269 0.17686
0.05061 0.98286 0.17730
0.04613 0.98300 0.17773
0.04168 0.98312 0.17815
0.03725 0.98322 0.17856
0.03283 0.98331 0.17896
0.02844 0.98337 0.17935
0.02408 0.98342 0.17973
0.01973 0.98345 0.18010
0.01541 0.98346 0.18046
0.01111 0.98345 0.18082
0.00683 0.98343 0.18116
0.00258 0.98339 0.18150
-0.00166 0.98333 0.18183
-0.00587 0.98325 0.18215
-0.01006 0.98316 0.18246
-0.01422 0.98305 0.18276
-0.01837 0.98293 0.18305
-0.02249 0.98279 0.18334
-0.02659 0.98264 0.18362
-0.03067 0.98247 0.18389
-0.03472 0.98228 0.18415
-0.03876 0.98209 0.18441
-0.04277 0.98187 0.18466
-0.04676 0.98164 0.18490
-0.05073 0.98140 0.18513
-0.05467 0.98115 0.18536
-0.05859 0.98088 0.18558
-0.06249 0.98060 0.18579
-0.06637 0.98031 0.18599
-0.07023 0.98000 0.18619
-0.07406 0.97968 0.18638
-0.07788 0.97935 0.18657
-0.08167 0.97901 0.18675
-0.08544 0.97865 0.18692
-0.08919 0.97829 0.18708
-0.09291 0.97791 0.18724
-0.09662 0.97752 0.18740
-0.10030 0.97712 0.18755
-0.10396 0.97671 0.18769
-0.10760 0.97629 0.18782
-0.11122 0.97586 0.18795
-0.11481 0.97542 0.18808
-0.11839 0.97497 0.18820
-0.12194 0.97451 0.18831
-0.12548 0.97404 0.18842
-0.12899 0.97356 0.18852
-0.13248 0.97307 0.18862
-0.13595 0.97258 0.18872
-0.13940 0.97207 0.18880
-0.14283 0.97156 0.18889
-0.14624 0.97103 0.18896
-0.14962 0.97050 0.18904
-0.15299 0.96997 0.18911
-0.15633 0.96942 0.18917
-0.15966 0.96887 0.18923
-0.16296 0.96830 0.18929
-0.16625 0.96774 0.18934
-0.16951 0.96716 0.18938
-0.17275 0.96658 0.18943
-0.17598 0.96599 0.18946
-0.17918 0.96539 0.18950
-0.18236 0.96479 0.18953
-0.18553 0.96418 0.18955
-0.18867 0.96357 0.18958
-0.19180 0.96295 0.18960
-0.19490 0.96232 0.18961
-0.19799 0.96169 0.18962
-0.20105 0.96105 0.18963
-0.20410 0.96041 0.18963
-0.20712 0.95976 0.18963
-0.21013 0.95911 0.18963
-0.21312 0.95845 0.18963
-0.21609 0.95778 0.18962
-0.21904 0.95712 0.18960
-0.22197 0.95644 0.18959
-0.22488 0.95577 0.18957
-0.22778 0.95509 0.18955
-0.23065 0.95440 0.18952
-0.23351 0.95371 0.18950
-0.23635 0.95302 0.18947
-0.23917 0.95232 0.18943
-0.24197 0.95162 0.18940
-0.24475 0.95092 0.18936
-0.24752 0.95021 0.18932
-0.25026 0.94950 0.18927
-0.25299 0.94878 0.18923
-0.25570 0.94806 0.18918
-0.25840 0.94734 0.18913
-0.26107 0.94662 0.18907
-0.26373 0.94590 0.18902
-0.26637 0.94517 0.18896
-0.26900 0.94444 0.18890
-0.27160 0.94370 0.18884
-0.27419 0.94297 0.18877
-0.27676 0.94223 0.18871
-0.27932 0.94149 0.18864
-0.28186 0.94074 0.18857
-0.28438 0.94000 0.18849
-0.28688 0.93925 0.18842
-0.28937 0.93850 0.18834
-0.29184 0.93776 0.18827
-0.29429 0.93700 0.18819
-0.29673 0.93625 0.18811
-0.29915 0.93550 0.18802
-0.30156 0.93474 0.18794
-0.30395 0.93398 0.18785
-0.30632 0.93323 0.18776
-0.30868 0.93247 0.18768
-0.31102 0.93171 0.18758
-0.31335 0.93095 0.18749
-0.31566 0.93018 0.18740
-0.31795 0.92942 0.18730
-0.32023 0.92866 0.18721
-0.32249 0.92789 0.18711
-0.32474 0.92713 0.18701
-0.32697 0.92637 0.18691
-0.32919 0.92560 0.18681
-0.33139 0.92484 0.18671
-0.33358 0.92407 0.18661
-0.33575 0.92330 0.18650
-0.33791 0.92254 0.18640
-0.34005 0.92177 0.18629
-0.34218 0.92101 0.18618
-0.34429 0.92024 0.18607
-0.34639 0.91947 0.18596
-0.34847 0.91871 0.18585
-0.35054 0.91794 0.18574
-0.35260 0.91718 0.18563
-0.35464 0.91641 0.18552
-0.35667 0.91565 0.18541
-0.35868 0.91489 0.18529
-0.36068 0.91412 0.18518
-0.36266 0.91336 0.18506
-0.36464 0.91260 0.18495
-0.36659 0.91184 0.18483
-0.36854 0.91108 0.18471
-0.37047 0.91032 0.18459
-0.37238 0.90956 0.18448
-0.37429 0.90880 0.18436
-0.37618 0.90805 0.18424
-0.37806 0.90729 0.18412
-0.37992 0.90654 0.18400
-0.38177 0.90578 0.18388
-0.38361 0.90503 0.18375
-0.38543 0.90428 0.18363
-0.38725 0.90353 0.18351
-0.38904 0.90278 0.18339
-0.39083 0.90203 0.18327
-0.39260 0.90129 0.18314
-0.39437 0.90054 0.18302
-0.39611 0.89980 0.18290
-0.39785 0.89906 0.18277
-0.39958 0.89832 0.18265
-0.40129 0.89758 0.18252
-0.40299 0.89685 0.18240
-0.40467 0.89611 0.18227
-0.40635 0.89538 0.18215
-0.40801 0.89465 0.18202
-0.40967 0.89392 0.18190
-0.41130 0.89319 0.18177
-0.41293 0.89246 0.18165
-0.41455 0.89174 0.18152
-0.41615 0.89102 0.18140
-0.41775 0.89030 0.18127
-0.41933 0.88958 0.18115
-0.42090 0.88886 0.18102
-0.42246 0.88815 0.18090
-0.42401 0.88743 0.18077
-0.42554 0.88672 0.18065
-0.42707 0.88602 0.18052
-0.42858 0.88531 0.18040
-0.43008 0.88461 0.18027
-0.43158 0.88391 0.18015
-0.43306 0.88321 0.18002
-0.43453 0.88251 0.17990
-0.43599 0.88181 0.17977
-0.43744 0.88112 0.17965
-0.43888 0.88043 0.17952
-0.44030 0.87974 0.17940
-0.44172 0.87906 0.17927
-0.44313 0.87837 0.17915
-0.44453 0.87769 0.17903
-0.44591 0.87702 0.17890
-0.44729 0.87634 0.17878
-0.44865 0.87567 0.17866
-0.45001 0.87500 0.17854
-0.45136 0.87433 0.17841
-0.45269 0.87366 0.17829
-0.45402 0.87300 0.17817
-0.45533 0.87234 0.17805
-0.45664 0.87168 0.17793
-0.45793 0.87102 0.17781
-0.45922 0.87037 0.17769
-0.46050 0.86972 0.17756
-0.46177 0.86907 0.17744
-0.46302 0.86843 0.17733
-0.46427 0.86778 0.17721
-0.46551 0.86714 0.17709
-0.46674 0.86651 0.17697
-0.46796 0.86587 0.17685
-0.46917 0.86524 0.17673
-0.47037 0.86461 0.17662
-0.47156 0.86399 0.17650
-0.47275 0.86336 0.17638
-0.47392 0.86274 0.17627
-0.47509 0.86213 0.17615
-0.47624 0.86151 0.17604
-0.47739 0.86090 0.17592
-0.47853 0.86029 0.17581
-0.47966 0.85968 0.17569
-0.48078 0.85908 0.17558
-0.48189 0.85848 0.17547
-0.48300 0.85788 0.17535
-0.48409 0.85729 0.17524
-0.48518 0.85670 0.17513
-0.48626 0.85611 0.17502
-0.48733 0.85552 0.17491
-0.48839 0.85494 0.17480
-0.48944 0.85436 0.17469
-0.49049 0.85378 0.17458
-0.49152 0.85321 0.17447
-0.49255 0.85264 0.17436
-0.49357 0.85207 0.17426
-0.49458 0.85150 0.17415
-0.49559 0.85094 0.17404
-0.49658 0.85038 0.17394
-0.49757 0.84983 0.17383
-0.49855 0.84927 0.17373
-0.49952 0.84872 0.17362
-0.50049 0.84818 0.17352
-0.50145 0.84763 0.17341
-0.50239 0.84709 0.17331
-0.50334 0.84655 0.17321
-0.50427 0.84602 0.17311
-0.50520 0.84549 0.17301
-0.50611 0.84496 0.17291
-0.50703 0.84443 0.17281
-0.50793 0.84391 0.17271
-0.50882 0.84339 0.17261
-0.50971 0.84287 0.17251
-0.51059 0.84236 0.17241
-0.51147 0.84185 0.17231
-0.51233 0.84134 0.17222
-0.51319 0.84084 0.17212
-0.51405 0.84034 0.17203
-0.51489 0.83984 0.17193
-0.51573 0.83934 0.17184
-0.51656 0.83885 0.17174
-0.51738 0.83836 0.17165
-0.51820 0.83788 0.17156
-0.51901 0.83739 0.17147
-0.51981 0.83691 0.17137
-0.52061 0.83644 0.17128
-0.52140 0.83596 0.17119
-0.52218 0.83549 0.17110
-0.52296 0.83503 0.17101
-0.52373 0.83456 0.17093
-0.52449 0.83410 0.17084
-0.52524 0.83364 0.17075
-0.52599 0.83319 0.17066
-0.52674 0.83274 0.17058
-0.52747 0.83229 0.17049
-0.52820 0.83184 0.17041
-0.52892 0.83140 0.17032
-0.52964 0.83096 0.17024
-0.53035 0.83053 0.17016
-0.53105 0.83009 0.17008
-0.53175 0.82966 0.16999
-0.53244 0.82924 0.16991
-0.53313 0.82881 0.16983
-0.53381 0.82839 0.16975
-0.53448 0.82798 0.16967
-0.53514 0.82756 0.16959
-0.53580 0.82715 0.16951
-0.53646 0.82674 0.16944
-0.53711 0.82634 0.16936
-0.53775 0.82594 0.16928
-0.53838 0.82554 0.16921
-0.53901 0.82514 0.16913
-0.53964 0.82475 0.16906
-0.54025 0.82436 0.16898
-0.54087 0.82397 0.16891
-0.54147 0.82359 0.16884
-0.54207 0.82321 0.16876
-0.54267 0.82283 0.16869
-0.54325 0.82246 0.16862
-0.54384 0.82209 0.16855
-0.54441 0.82172 0.16848
-0.54499 0.82136 0.16841
-0.54555 0.82100 0.16834
-0.54611 0.82064 0.16827
-0.54667 0.82028 0.16821
-0.54722 0.81993 0.16814
-0.54776 0.81958 0.16807
-0.54830 0.81923 0.16801
-0.54883 0.81889 0.16794
-0.54936 0.81855 0.16788
-0.54988 0.81821 0.16781
-0.55039 0.81788 0.16775
-0.55090 0.81755 0.16769
-0.55141 0.81722 0.16762
-0.55191 0.81690 0.16756
-0.55240 0.81657 0.16750
-0.55289 0.81626 0.16744
-0.55338 0.81594 0.16738
-0.55386 0.81563 0.16732
-0.55433 0.81532 0.16726
-0.55480 0.81501 0.16720
-0.55526 0.81471 0.16714
-0.55572 0.81441 0.16709
-0.55617 0.81411 0.16703
-0.55662 0.81381 0.16697
-0.55706 0.81352 0.16692
-0.55750 0.81323 0.16686
-0.55794 0.81295 0.16681
-0.55836 0.81266 0.16675
-0.55879 0.81238 0.16670
-0.55921 0.81211 0.16664
-0.55962 0.81183 0.16659
-0.56003 0.81156 0.16654
-0.56043 0.81130 0.16649
-0.56083 0.81103 0.16644
-0.56122 0.81077 0.16639
-0.56161 0.81051 0.16634
-0.56200 0.81025 0.16629
-0.56237 0.81000 0.16624
-0.56275 0.80975 0.16619
-0.56312 0.80950 0.16614
-0.56348 0.80926 0.16609
-0.56384 0.80902 0.16605
-0.56420 0.80878 0.16600
-0.56455 0.80854 0.16595
-0.56490 0.80831 0.16591
-0.56524 0.80808 0.16586
-0.56558 0.80785 0.16582
-0.56591 0.80763 0.16577
-0.56624 0.80741 0.16573
-0.56656 0.80719 0.16569
-0.56688 0.80697 0.16564
-0.56720 0.80676 0.16560
-0.56751 0.80655 0.16556
-0.56781 0.80634 0.16552
-0.56812 0.80614 0.16548
-0.56841 0.80594 0.16543
-0.56871 0.80574 0.16539
-0.56899 0.80555 0.16535
-0.56928 0.80535 0.16532
-0.56956 0.80516 0.16528
-0.56983 0.80498 0.16524
-0.57010 0.80479 0.16520
-0.57037 0.80461 0.16516
-0.57063 0.80443 0.16513
-0.57089 0.80426 0.16509
-0.57115 0.80408 0.16505
-0.57140 0.80391 0.16502
-0.57164 0.80375 0.16498
-0.57188 0.80358 0.16495
-0.57212 0.80342 0.16491
-0.57235 0.80326 0.16488
-0.57258 0.80310 0.16484
-0.57281 0.80295 0.16481
-0.57303 0.80280 0.16478
-0.57325 0.80265 0.16475
-0.57346 0.80250 0.16471
-0.57367 0.80236 0.16468
-0.57387 0.80222 0.16465
-0.57407 0.80208 0.16462
-0.57427 0.80195 0.16459
-0.57446 0.80182 0.16456
-0.57465 0.80169 0.16453
-0.57484 0.80156 0.16450
-0.57502 0.80144 0.16447
-0.57520 0.80132 0.16444
-0.57537 0.80120 0.16441
-0.57554 0.80108 0.16438
-0.57570 0.80097 0.16435
-0.57587 0.80086 0.16433
-0.57602 0.80075 0.16430
-0.57618 0.80065 0.16427
-0.57633 0.80054 0.16425
-0.57647 0.80044 0.16422
-0.57662 0.80035 0.16419
-0.57676 0.80025 0.16417
-0.57689 0.80016 0.16414
-0.57702 0.80007 0.16412
-0.57715 0.79998 0.16409
-0.57727 0.79990 0.16407
-0.57740 0.79982 0.16404
-0.57751 0.79974 0.16402
-0.57762 0.79966 0.16400
-0.57773 0.79959 0.16397
-0.57784 0.79951 0.16395
-0.57794 0.79944 0.16393
-0.57804 0.79938 0.16391
-0.57813 0.79931 0.16388
-0.57823 0.79925 0.16386
-0.57831 0.79919 0.16384
-0.57840 0.79914 0.16382
-0.57848 0.79908 0.16380
-0.57855 0.79903 0.16378
-0.57863 0.79898 0.16376
-0.57870 0.79894 0.16373
-0.57876 0.79889 0.16371
-0.57883 0.79885 0.16369
-0.57889 0.79881 0.16367
-0.57894 0.79878 0.16366
-0.57899 0.79874 0.16364
-0.57904 0.79871 0.16362
-0.57909 0.79868 0.16360
-0.57913 0.79865 0.16358
-0.57917 0.79863 0.16356
-0.57921 0.79861 0.16354
-0.57924 0.79859 0.16352
-0.57927 0.79857 0.16351
-0.57929 0.79856 0.16349
-0.57931 0.79854 0.16347
-0.57933 0.79853 0.16345
-0.57935 0.79853 0.16344
-0.57936 0.79852 0.16342
-0.57937 0.79852 0.16340
-0.57937 0.79852 0.16339
-0.57937 0.79852 0.16337
-0.57937 0.79853 0.16335
-0.57937 0.79853 0.16334
-0.57936 0.79854 0.16332
-0.57935 0.79855 0.16330
-0.57933 0.79857 0.16329
-0.57932 0.79858 0.16327
-0.57930 0.79860 0.16326
-0.57927 0.79862 0.16324
-0.57924 0.79864 0.16323
-0.57921 0.79867 0.16321
-0.57918 0.79870 0.16320
-0.57914 0.79873 0.16318
-0.57910 0.79876 0.16317
-0.57906 0.79879 0.16315
-0.57901 0.79883 0.16314
-0.57896 0.79887 0.16312
-0.57891 0.79891 0.16311
-0.57885 0.79895 0.16309
-0.57880 0.79900 0.16308
-0.57873 0.79905 0.16306
-0.57867 0.79910 0.16305
-0.57860 0.79915 0.16304
-0.57853 0.79920 0.16302
-0.57845 0.79926 0.16301
-0.57838 0.79932 0.16299
-0.57830 0.79938 0.16298
-0.57821 0.79944 0.16297
-0.57813 0.79951 0.16295
-0.57804 0.79958 0.16294
-0.57794 0.79965 0.16292
-0.57785 0.79972 0.16291
-0.57775 0.79979 0.16290
-0.57765 0.79987 0.16288
-0.57754 0.79995 0.16287
-0.57744 0.80003 0.16285
-0.57733 0.80011 0.16284
-0.57721 0.80020 0.16283
-0.57710 0.80028 0.16281
-0.57698 0.80037 0.16280
-0.57685 0.80046 0.16279
-0.57673 0.80056 0.16277
-0.57660 0.80065 0.16276
-0.57647 0.80075 0.16274
-0.57633 0.80085 0.16273
-0.57620 0.80095 0.16272
-0.57606 0.80105 0.16270
-0.57591 0.80116 0.16269
-0.57577 0.80127 0.16267
-0.57562 0.80138 0.16266
-0.57547 0.80149 0.16265
-0.57531 0.80160 0.16263
-0.57516 0.80172 0.16262
-0.57500 0.80183 0.16260
-0.57483 0.80195 0.16259
-0.57467 0.80208 0.16257
-0.57450 0.80220 0.16256
-0.57433 0.80233 0.16254
-0.57415 0.80245 0.16253
-0.57398 0.80258 0.16251
-0.57380 0.80271 0.16250
-0.57362 0.80285 0.16248
-0.57343 0.80298 0.16247
-0.57324 0.80312 0.16245
-0.57305 0.80326 0.16244
-0.57286 0.80340 0.16242
-0.57266 0.80354 0.16240
-0.57246 0.80369 0.16239
-0.57226 0.80384 0.16237
-0.57206 0.80399 0.16236
-0.57185 0.80414 0.16234
-0.57164 0.80429 0.16232
-0.57143 0.80444 0.16231
-0.57121 0.80460 0.16229
-0.57099 0.80476 0.16227
-0.57077 0.80492 0.16225
-0.57055 0.80508 0.16224
-0.57032 0.80525 0.16222
-0.57009 0.80541 0.16220
-0.56986 0.80558 0.16218
-0.56962 0.80575 0.16217
-0.56939 0.80592 0.16215
-0.56915 0.80609 0.16213
-0.56891 0.80627 0.16211
-0.56866 0.80644 0.16209
-0.56841 0.80662 0.16207
-0.56816 0.80680 0.16205
-0.56791 0.80699 0.16203
-0.56765 0.80717 0.16201
-0.56740 0.80735 0.16199
-0.56713 0.80754 0.16197
-0.56687 0.80773 0.16195
-0.56660 0.80792 0.16193
-0.56634 0.80811 0.16191
-0.56606 0.80831 0.16189
-0.56579 0.80851 0.16187
-0.56551 0.80870 0.16184
-0.56523 0.80890 0.16182
-0.56495 0.80910 0.16180
-0.56467 0.80931 0.16178
-0.56438 0.80951 0.16175
-0.56409 0.80972 0.16173
-0.56380 0.80993 0.16171
-0.56351 0.81014 0.16168
-0.56321 0.81035 0.16166
-0.56291 0.81056 0.16163
-0.56261 0.81078 0.16161
-0.56230 0.81099 0.16158
-0.56199 0.81121 0.16156
-0.56168 0.81143 0.16153
-0.56137 0.81165 0.16151
-0.56106 0.81187 0.16148
-0.56074 0.81210 0.16145
-0.56042 0.81232 0.16143
-0.56010 0.81255 0.16140
-0.55977 0.81278 0.16137
-0.55945 0.81301 0.16134
-0.55912 0.81324 0.16131
-0.55878 0.81348 0.16128
-0.55845 0.81371 0.16125
-0.55811 0.81395 0.16122
-0.55777 0.81419 0.16119
-0.55743 0.81443 0.16116
-0.55708 0.81467 0.16113
-0.55674 0.81492 0.16110
-0.55639 0.81516 0.16107
-0.55604 0.81541 0.16104
-0.55568 0.81566 0.16101
-0.55532 0.81591 0.16097
-0.55497 0.81616 0.16094
-0.55460 0.81641 0.16091
-0.55424 0.81666 0.16087
-0.55387 0.81692 0.16084
-0.55350 0.81718 0.16080
-0.55313 0.81743 0.16077
-0.55276 0.81769 0.16073
-0.55238 0.81796 0.16069
-0.55200 0.81822 0.16066
-0.55162 0.81848 0.16062
-0.55124 0.81875 0.16058
-0.55085 0.81902 0.16054
-0.55046 0.81928 0.16051
-0.55007 0.81955 0.16047
-0.54968 0.81983 0.16043
-0.54928 0.82010 0.16039
-0.54889 0.82037 0.16035
-0.54849 0.82065 0.16031
-0.54808 0.82093 0.16026
-0.54768 0.82120 0.16022
-0.54727 0.82148 0.16018
-0.54686 0.82177 0.16014
-0.54645 0.82205 0.16009
-0.54604 0.82233 0.16005
-0.54562 0.82262 0.16000
-0.54520 0.82290 0.15996
-0.54478 0.82319 0.15991
-0.54435 0.82348 0.15987
-0.54393 0.82377 0.15982
-0.54350 0.82406 0.15977
-0.54307 0.82436 0.15972
-0.54264 0.82465 0.15968
-0.54220 0.82495 0.15963
-0.54176 0.82524 0.15958
-0.54132 0.82554 0.15953
-0.54088 0.82584 0.15948
-0.54044 0.82614 0.15942
-0.53999 0.82644 0.15937
-0.53954 0.82675 0.15932
-0.53909 0.82705 0.15927
-0.53864 0.82736 0.15921
-0.53818 0.82767 0.15916
-0.53772 0.82797 0.15910
-0.53726 0.82828 0.15905
-0.53680 0.82859 0.15899
-0.53633 0.82891 0.15894
-0.53587 0.82922 0.15888
-0.53540 0.82953 0.15882
-0.53492 0.82985 0.15876
-0.53445 0.83017 0.15870
-0.53397 0.83048 0.15864
-0.53350 0.83080 0.15858
-0.53302 0.83112 0.15852
-0.53253 0.83144 0.15846
-0.53205 0.83177 0.15840
-0.53156 0.83209 0.15833
-0.53107 0.83242 0.15827
-0.53058 0.83274 0.15821
-0.53008 0.83307 0.15814
-0.52959 0.83340 0.15808
-0.52909 0.83373 0.15801
-0.52859 0.83406 0.15794
-0.52808 0.83439 0.15787
-0.52758 0.83472 0.15781
-0.52707 0.83505 0.15774
-0.52656 0.83539 0.15767
-0.52605 0.83572 0.15760
-0.52554 0.83606 0.15752
-0.52502 0.83640 0.15745
-0.52450 0.83674 0.15738
-0.52398 0.83708 0.15731
-0.52346 0.83742 0.15723
-0.52293 0.83776 0.15716
-0.52240 0.83810 0.15708
-0.52188 0.83845 0.15700
-0.52134 0.83879 0.15693
-0.52081 0.83914 0.15685
-0.52027 0.83949 0.15677
-0.51974 0.83983 0.15669
-0.51920 0.84018 0.15661
-0.51865 0.84053 0.15653
-0.51811 0.84088 0.15645
-0.51756 0.84124 0.15637
-0.51701 0.84159 0.15628
-0.51646 0.84194 0.15620
-0.51591 0.84230 0.15611
-0.51535 0.84265 0.15603
-0.51480 0.84301 0.15594
-0.51424 0.84337 0.15585
-0.51368 0.84373 0.15577
-0.51311 0.84409 0.15568
-0.51255 0.84445 0.15559
-0.51198 0.84481 0.15550
-0.51141 0.84517 0.15540
-0.51084 0.84553 0.15531
-0.51026 0.84590 0.15522
-0.50969 0.84626 0.15513
-0.50911 0.84663 0.15503
-0.50853 0.84699 0.15493
-0.50794 0.84736 0.15484
-0.50736 0.84773 0.15474
-0.50677 0.84810 0.15464
-0.50618 0.84847 0.15454
-0.50559 0.84884 0.15444
-0.50500 0.84921 0.15434
-0.50440 0.84958 0.15424
-0.50381 0.84995 0.15414
-0.50321 0.85033 0.15404
-0.50261 0.85070 0.15393
-0.50200 0.85108 0.15383
-0.50140 0.85145 0.15372
-0.50079 0.85183 0.15361
-0.50018 0.85221 0.15351
-0.49957 0.85259 0.15340
-0.49895 0.85296 0.15329
-0.49834 0.85334 0.15318
-0.49772 0.85372 0.15306
-0.49710 0.85411 0.15295
-0.49648 0.85449 0.15284
-0.49585 0.85487 0.15272
-0.49523 0.85525 0.15261
-0.49460 0.85564 0.15249
-0.49397 0.85602 0.15238
-0.49334 0.85641 0.15226
-0.49270 0.85679 0.15214
-0.49207 0.85718 0.15202
-0.49143 0.85757 0.15190
-0.49079 0.85796 0.15178
-0.49015 0.85835 0.15165
-0.48950 0.85873 0.15153
-0.48886 0.85912 0.15140
-0.48821 0.85952 0.15128
-0.48756 0.85991 0.15115
-0.48691 0.86030 0.15102
-0.48625 0.86069 0.15090
-0.48560 0.86108 0.15077
-0.48494 0.86148 0.15064
-0.48428 0.86187 0.15050
-0.48362 0.86227 0.15037
-0.48295 0.86266 0.15024
-0.48229 0.86306 0.15010
-0.48162 0.86345 0.14997
-0.48095 0.86385 0.14983
-0.48028 0.86425 0.14969
-0.47960 0.86465 0.14955
-0.47893 0.86505 0.14941
-0.47825 0.86545 0.14927
-0.47757 0.86585 0.14913
-0.47689 0.86625 0.14899
-0.47620 0.86665 0.14884
-0.47552 0.86705 0.14870
-0.47483 0.86745 0.14855
-0.47414 0.86785 0.14840
-0.47345 0.86825 0.14826
-0.47276 0.86866 0.14811
-0.47206 0.86906 0.14796
-0.47136 0.86946 0.14780
-0.47067 0.86987 0.14765
-0.46996 0.87027 0.14750
-0.46926 0.87068 0.14734
-0.46856 0.87109 0.14719
-0.46785 0.87149 0.14703
-0.46714 0.87190 0.14687
-0.46643 0.87231 0.14671
-0.46572 0.87271 0.14655
-0.46501 0.87312 0.14639
-0.46429 0.87353 0.14623
-0.46357 0.87394 0.14606
-0.46285 0.87435 0.14590
-0.46213 0.87476 0.14573
-0.46141 0.87517 0.14557
-0.46068 0.87558 0.14540
-0.45995 0.87599 0.14523
-0.45922 0.87640 0.14506
-0.45849 0.87681 0.14489
-0.45776 0.87722 0.14471
-0.45702 0.87763 0.14454
-0.45629 0.87804 0.14437
-0.45555 0.87846 0.14419
-0.45481 0.87887 0.14401
-0.45407 0.87928 0.14383
-0.45332 0.87969 0.14365
-0.45258 0.88011 0.14347
-0.45183 0.88052 0.14329
-0.45108 0.88094 0.14311
-0.45033 0.88135 0.14292
-0.44957 0.88176 0.14274
-0.44882 0.88218 0.14255
-0.44806 0.88259 0.14236
-0.44730 0.88301 0.14217
-0.44654 0.88343 0.14198
-0.44578 0.88384 0.14179
-0.44502 0.88426 0.14160
-0.44425 0.88467 0.14141
-0.44348 0.88509 0.14121
-0.44271 0.88551 0.14101
-0.44194 0.88592 0.14082
-0.44117 0.88634 0.14062
-0.44039 0.88676 0.14042
-0.43962 0.88717 0.14022
-0.43884 0.88759 0.14001
-0.43806 0.88801 0.13981
-0.43728 0.88843 0.13960
-0.43649 0.88884 0.13940
-0.43571 0.88926 0.13919
-0.43492 0.88968 0.13898
-0.43413 0.89010 0.13877
-0.43334 0.89051 0.13856
-0.43255 0.89093 0.13835
-0.43175 0.89135 0.13813
-0.43096 0.89177 0.13792
-0.43016 0.89219 0.13770
-0.42936 0.89261 0.13748
-0.42856 0.89303 0.13727
-0.42776 0.89344 0.13705
-0.42695 0.89386 0.13682
-0.42615 0.89428 0.13660
-0.42534 0.89470 0.13638
-0.42453 0.89512 0.13615
-0.42372 0.89554 0.13593
-0.42290 0.89596 0.13570
-0.42209 0.89638 0.13547
-0.42127 0.89679 0.13524
-0.42045 0.89721 0.13501
-0.41963 0.89763 0.13477
-0.41881 0.89805 0.13454
-0.41799 0.89847 0.13430
-0.41716 0.89889 0.13407
-0.41634 0.89931 0.13383
-0.41551 0.89973 0.13359
-0.41468 0.90014 0.13335
-0.41385 0.90056 0.13310
-0.41301 0.90098 0.13286
-0.41218 0.90140 0.13261
-0.41134 0.90182 0.13237
-0.41050 0.90224 0.13212
-0.40966 0.90265 0.13187
-0.40882 0.90307 0.13162
-0.40798 0.90349 0.13137
-0.40713 0.90391 0.13112
-0.40629 0.90433 0.13086
-0.40544 0.90474 0.13061
-0.40459 0.90516 0.13035
-0.40374 0.90558 0.13009
-0.40289 0.90600 0.12983
-0.40203 0.90641 0.12957
-0.40118 0.90683 0.12931
-0.40032 0.90725 0.12904
-0.39946 0.90766 0.12878
-0.39860 0.90808 0.12851
-0.39773 0.90849 0.12824
-0.39687 0.90891 0.12797
-0.39600 0.90933 0.12770
-0.39514 0.90974 0.12743
-0.39427 0.91016 0.12715
-0.39340 0.91057 0.12688
-0.39253 0.91099 0.12660
-0.39165 0.91140 0.12632
-0.39078 0.91181 0.12604
-0.38990 0.91223 0.12576
-0.38902 0.91264 0.12548
-0.38814 0.91306 0.12520
-0.38726 0.91347 0.12491
-0.38638 0.91388 0.12463
-0.38549 0.91429 0.12434
-0.38461 0.91471 0.12405
-0.38372 0.91512 0.12376
-0.38283 0.91553 0.12347
-0.38194 0.91594 0.12317
-0.38105 0.91635 0.12288
-0.38016 0.91676 0.12258
-0.37926 0.91717 0.12228
-0.37837 0.91758 0.12198
-0.37747 0.91799 0.12168
-0.37657 0.91840 0.12138
-0.37567 0.91881 0.12108
-0.37477 0.91922 0.12077
-0.37386 0.91963 0.12046
-0.37296 0.92004 0.12016
-0.37205 0.92044 0.11985
-0.37114 0.92085 0.11954
-0.37023 0.92126 0.11922
-0.36932 0.92166 0.11891
-0.36841 0.92207 0.11859
-0.36749 0.92247 0.11828
-0.36658 0.92288 0.11796
-0.36566 0.92328 0.11764
-0.36474 0.92369 0.11732
-0.36382 0.92409 0.11699
-0.36290 0.92449 0.11667
-0.36198 0.92490 0.11634
-0.36106 0.92530 0.11602
-0.36013 0.92570 0.11569
-0.35920 0.92610 0.11536
-0.35828 0.92650 0.11503
-0.35735 0.92690 0.11469
-0.35641 0.92730 0.11436
-0.35548 0.92770 0.11402
-0.35455 0.92810 0.11368
-0.35361 0.92850 0.11335
-0.35268 0.92890 0.11301
-0.35174 0.92929 0.11266
-0.35080 0.92969 0.11232
-0.34986 0.93009 0.11197
-0.34892 0.93048 0.11163
-0.34797 0.93088 0.11128
-0.34703 0.93127 0.11093
-0.34608 0.93166 0.11058
-0.34514 0.93206 0.11023
-0.34419 0.93245 0.10987
-0.34324 0.93284 0.10952
-0.34229 0.93323 0.10916
-0.34133 0.93362 0.10880
-0.34038 0.93401 0.10844
-0.33943 0.93440 0.10808
-0.33847 0.93479 0.10771
-0.33751 0.93518 0.10735
-0.33655 0.93557 0.10698
-0.33559 0.93595 0.10661
-0.33463 0.93634 0.10624
-0.33367 0.93673 0.10587
-0.33270 0.93711 0.10550
-0.33174 0.93750 0.10513
-0.33077 0.93788 0.10475
-0.32980 0.93826 0.10437
-0.32883 0.93864 0.10400
-0.32786 0.93903 0.10362
-0.32689 0.93941 0.10323
-0.32592 0.93979 0.10285
-0.32495 0.94017 0.10246
-0.32397 0.94054 0.10208
-0.32299 0.94092 0.10169
-0.32202 0.94130 0.10130
-0.32104 0.94168 0.10091
-0.32006 0.94205 0.10052
-0.31908 0.94243 0.10012
-0.31809 0.94280 0.09973
-0.31711 0.94317 0.09933
-0.31612 0.94355 0.09893
-0.31514 0.94392 0.09853
-0.31415 0.94429 0.09813
-0.31316 0.94466 0.09772
-0.31217 0.94503 0.09732
-0.31118 0.94540 0.09691
-0.31019 0.94576 0.09650
-0.30920 0.94613 0.09609
-0.30820 0.94650 0.09568
-0.30721 0.94686 0.09527
-0.30621 0.94723 0.09486
-0.30522 0.94759 0.09444
-0.30422 0.94795 0.09402
-0.30322 0.94831 0.09360
-0.30222 0.94867 0.09318
-0.30121 0.94903 0.09276
-0.30021 0.94939 0.09233
-0.29921 0.94975 0.09191
-0.29820 0.95011 0.09148
-0.29720 0.95047 0.09105
-0.29619 0.95082 0.09062
-0.29518 0.95118 0.09019
-0.29417 0.95153 0.08976
-0.29316 0.95188 0.08932
-0.29215 0.95223 0.08889
-0.29114 0.95258 0.08845
-0.29012 0.95293 0.08801
-0.28911 0.95328 0.08757
-0.28809 0.95363 0.08712
-0.28708 0.95398 0.08668
-0.28606 0.95432 0.08623
-0.28504 0.95467 0.08578
-0.28402 0.95501 0.08534
-0.28300 0.95536 0.08488
-0.28198 0.95570 0.08443
-0.28095 0.95604 0.08398
-0.27993 0.95638 0.08352
-0.27891 0.95672 0.08306
-0.27788 0.95706 0.08261
-0.27685 0.95739 0.08215
-0.27583 0.95773 0.08168
-0.27480 0.95807 0.08122
-0.27377 0.95840 0.08075
-0.27274 0.95873 0.08029
-0.27171 0.95906 0.07982
-0.27067 0.95940 0.07935
-0.26964 0.95973 0.07888
-0.26861 0.96005 0.07840
-0.26757 0.96038 0.07793
-0.26654 0.96071 0.07745
-0.26550 0.96103 0.07698
-0.26446 0.96136 0.07650
-0.26342 0.96168 0.07601
-0.26238 0.96200 0.07553
-0.26134 0.96232 0.07505
-0.26030 0.96264 0.07456

