0.20386 -0.76447 -0.61158
0.23414 -0.76052 -0.60564
0.26400 -0.75589 -0.59911
0.29341 -0.75061 -0.59203
0.32234 -0.74470 -0.58440
0.35075 -0.73818 -0.57625
0.37861 -0.73108 -0.56761
0.40590 -0.72342 -0.55849
0.43259 -0.71522 -0.54894
0.45866 -0.70651 -0.53896
0.48409 -0.69732 -0.52858
0.50887 -0.68767 -0.51784
0.53298 -0.67759 -0.50676
0.55640 -0.66711 -0.49536
0.57913 -0.65626 -0.48367
0.60116 -0.64505 -0.47171
0.62249 -0.63353 -0.45951
0.64311 -0.62170 -0.44710
0.66302 -0.60961 -0.43449
0.68222 -0.59727 -0.42171
0.70071 -0.58472 -0.40879
0.71851 -0.57196 -0.39573
0.73560 -0.55904 -0.38258
0.75201 -0.54596 -0.36934
0.76774 -0.53275 -0.35603
0.78279 -0.51943 -0.34267
0.79719 -0.50603 -0.32929
0.81093 -0.49255 -0.31589
0.82403 -0.47903 -0.30249
0.83651 -0.46546 -0.28911
0.84838 -0.45188 -0.27576
0.85966 -0.43830 -0.26246
0.87034 -0.42473 -0.24921
0.88046 -0.41119 -0.23603
0.89003 -0.39768 -0.22292
0.89906 -0.38422 -0.20991
0.90757 -0.37082 -0.19699
0.91558 -0.35750 -0.18417
0.92309 -0.34425 -0.17147
0.93012 -0.33110 -0.15888
0.93670 -0.31804 -0.14643
0.94284 -0.30509 -0.13410
0.94854 -0.29224 -0.12191
0.95383 -0.27952 -0.10986
0.95873 -0.26692 -0.09795
0.96324 -0.25445 -0.08620
0.96738 -0.24212 -0.07459
0.97116 -0.22992 -0.06314
0.97460 -0.21786 -0.05184
0.97772 -0.20595 -0.04071
0.98052 -0.19418 -0.02973
0.98301 -0.18256 -0.01891
0.98522 -0.17109 -0.00825
0.98715 -0.15977 0.00224
0.98882 -0.14861 0.01258
0.99023 -0.13760 0.02275
0.99139 -0.12675 0.03276
0.99233 -0.11605 0.04261
0.99304 -0.10551 0.05230
0.99354 -0.09512 0.06184
0.99384 -0.08489 0.07121
0.99395 -0.07481 0.08042
0.99387 -0.06489 0.08948
0.99362 -0.05512 0.09839
0.99320 -0.04550 0.10714
0.99263 -0.03603 0.11575
0.99190 -0.02671 0.12420
0.99103 -0.01754 0.13250
0.99002 -0.00852 0.14066
0.98889 0.00036 0.14868
0.98763 0.00909 0.15655
0.98626 0.01768 0.16428
0.98477 0.02613 0.17188
0.98319 0.03444 0.17933
0.98150 0.04261 0.18666
0.97972 0.05065 0.19385
0.97786 0.05855 0.20092
0.97591 0.06632 0.20785
0.97388 0.07396 0.21466
0.97178 0.08148 0.22135
0.96962 0.08887 0.22792
0.96738 0.09613 0.23437
0.96509 0.10328 0.24070
0.96274 0.11030 0.24691
0.96034 0.11720 0.25302
0.95788 0.12399 0.25901
0.95538 0.13067 0.26489
0.95284 0.13723 0.27067
0.95026 0.14369 0.27635
0.94764 0.15003 0.28192
0.94498 0.15627 0.28739
0.94229 0.16240 0.29276
0.93958 0.16843 0.29804
0.93683 0.17436 0.30322
0.93407 0.18019 0.30830
0.93128 0.18593 0.31330
0.92846 0.19157 0.31821
0.92564 0.19711 0.32303
0.92279 0.20256 0.32776
0.91993 0.20793 0.33241
0.91706 0.21320 0.33698
0.91417 0.21839 0.34146
0.91128 0.22349 0.34587
0.90838 0.22851 0.35020
0.90547 0.23345 0.35445
0.90255 0.23830 0.35863
0.89963 0.24308 0.36273
0.89671 0.24778 0.36677
0.89379 0.25240 0.37073
0.89086 0.25695 0.37463
0.88794 0.26142 0.37845
0.88501 0.26583 0.38222
0.88209 0.27016 0.38591
0.87917 0.27443 0.38955
0.87626 0.27862 0.39312
0.87335 0.28275 0.39663
0.87044 0.28682 0.40008
0.86755 0.29082 0.40347
0.86465 0.29476 0.40681
0.86177 0.29863 0.41009
0.85889 0.30245 0.41331
0.85603 0.30620 0.41648
0.85317 0.30990 0.41960
0.85032 0.31354 0.42266
0.84748 0.31713 0.42568
0.84465 0.32066 0.42864
0.84184 0.32414 0.43156
0.83903 0.32756 0.43443
0.83624 0.33093 0.43725
0.83346 0.33426 0.44003
0.83069 0.33753 0.44276
0.82793 0.34075 0.44544
0.82519 0.34392 0.44809
0.82246 0.34705 0.45069
0.81974 0.35013 0.45325
0.81704 0.35317 0.45577
0.81435 0.35616 0.45824
0.81167 0.35911 0.46068
0.80901 0.36201 0.46308
0.80637 0.36487 0.46545
0.80373 0.36769 0.46777
0.80112 0.37047 0.47006
0.79852 0.37321 0.47232
0.79593 0.37591 0.47454
0.79336 0.37858 0.47672
0.79080 0.38120 0.47887
0.78826 0.38379 0.48099
0.78573 0.38634 0.48308
0.78322 0.38886 0.48513
0.78073 0.39134 0.48715
0.77825 0.39378 0.48914
0.77579 0.39620 0.49111
0.77334 0.39857 0.49304
0.77091 0.40092 0.49494
0.76849 0.40324 0.49682
0.76609 0.40552 0.49866
0.76370 0.40777 0.50048
0.76133 0.40999 0.50228
0.75898 0.41218 0.50404
0.75664 0.41434 0.50578
0.75432 0.41648 0.50750
0.75201 0.41858 0.50919
0.74972 0.42066 0.51085
0.74744 0.42271 0.51249
0.74518 0.42473 0.51411
0.74293 0.42673 0.51571
0.74070 0.42870 0.51728
0.73849 0.43064 0.51883
0.73629 0.43256 0.52035
0.73411 0.43445 0.52186
0.73194 0.43632 0.52334
0.72979 0.43817 0.52481
0.72765 0.43999 0.52625
0.72552 0.44179 0.52767
0.72342 0.44357 0.52907
0.72132 0.44532 0.53045
0.71924 0.44706 0.53182
0.71718 0.44877 0.53316
0.71513 0.45046 0.53449
0.71310 0.45213 0.53580
0.71108 0.45377 0.53708
0.70907 0.45540 0.53836
0.70708 0.45701 0.53961
0.70510 0.45860 0.54085
0.70314 0.46017 0.54207
0.70119 0.46172 0.54327
0.69926 0.46325 0.54446
0.69734 0.46476 0.54563
0.69543 0.46626 0.54679
0.69354 0.46773 0.54793
0.69166 0.46919 0.54906
0.68980 0.47064 0.55017
0.68794 0.47206 0.55126
0.68611 0.47347 0.55234
0.68428 0.47486 0.55341
0.68247 0.47624 0.55446
0.68067 0.47760 0.55550
0.67889 0.47894 0.55653
0.67712 0.48027 0.55754
0.67536 0.48158 0.55854
0.67361 0.48288 0.55953
0.67188 0.48417 0.56050
0.67016 0.48544 0.56146
0.66845 0.48669 0.56241
0.66676 0.48793 0.56335
0.66507 0.48916 0.56427
0.66340 0.49037 0.56518
0.66175 0.49157 0.56608
0.66010 0.49276 0.56697
0.65847 0.49393 0.56785
0.65684 0.49509 0.56872
0.65523 0.49624 0.56957
0.65364 0.49737 0.57042
0.65205 0.49850 0.57125
0.65048 0.49961 0.57208
0.64891 0.50071 0.57289
0.64736 0.50179 0.57369
0.64582 0.50287 0.57449
0.64430 0.50393 0.57527
0.64278 0.50498 0.57604
0.64127 0.50603 0.57681
0.63978 0.50706 0.57756
0.63829 0.50807 0.57831
0.63682 0.50908 0.57905
0.63536 0.51008 0.57977
0.63391 0.51107 0.58049
0.63247 0.51205 0.58120
0.63104 0.51301 0.58190
0.62962 0.51397 0.58259
0.62821 0.51492 0.58328
0.62681 0.51586 0.58395
0.62542 0.51678 0.58462
0.62405 0.51770 0.58528
0.62268 0.51861 0.58593
0.62132 0.51951 0.58657
0.61997 0.52040 0.58721
0.61864 0.52128 0.58784
0.61731 0.52216 0.58846
0.61599 0.52302 0.58907
0.61468 0.52388 0.58967
0.61338 0.52473 0.59027
0.61210 0.52556 0.59086
0.61082 0.52640 0.59145
0.60955 0.52722 0.59202
0.60829 0.52803 0.59259
0.60704 0.52884 0.59316
0.60579 0.52964 0.59371
0.60456 0.53043 0.59426
0.60334 0.53121 0.59481
0.60212 0.53199 0.59534
0.60092 0.53276 0.59588
0.59972 0.53352 0.59640
0.59853 0.53427 0.59692
0.59735 0.53502 0.59743
0.59618 0.53576 0.59794
0.59502 0.53649 0.59844
0.59387 0.53722 0.59893
0.59272 0.53794 0.59942
0.59159 0.53865 0.59990
0.59046 0.53935 0.60038
0.58934 0.54005 0.60085
0.58823 0.54075 0.60131
0.58713 0.54143 0.60177
0.58603 0.54211 0.60223
0.58495 0.54279 0.60268
0.58387 0.54345 0.60312
0.58280 0.54412 0.60356
0.58174 0.54477 0.60399
0.58068 0.54542 0.60442
0.57963 0.54606 0.60485
0.57860 0.54670 0.60526
0.57756 0.54733 0.60568
0.57654 0.54796 0.60609
0.57552 0.54858 0.60649
0.57452 0.54920 0.60689
0.57351 0.54981 0.60728
0.57252 0.55041 0.60767
0.57154 0.55101 0.60806
0.57056 0.55160 0.60844
0.56959 0.55219 0.60882
0.56862 0.55277 0.60919
0.56766 0.55335 0.60956
0.56671 0.55393 0.60992
0.56577 0.55449 0.61028
0.56484 0.55506 0.61063
0.56391 0.55562 0.61098
0.56298 0.55617 0.61133
0.56207 0.55672 0.61167
0.56116 0.55726 0.61201
0.56026 0.55780 0.61234
0.55937 0.55834 0.61267
0.55848 0.55887 0.61300
0.55760 0.55939 0.61332
0.55672 0.55992 0.61364
0.55586 0.56043 0.61395
0.55499 0.56095 0.61426
0.55414 0.56145 0.61457
0.55329 0.56196 0.61487
0.55245 0.56246 0.61517
0.55161 0.56295 0.61547
0.55078 0.56345 0.61576
0.54996 0.56393 0.61605
0.54915 0.56442 0.61634
0.54834 0.56490 0.61662
0.54753 0.56537 0.61690
0.54673 0.56585 0.61717
0.54594 0.56631 0.61744
0.54516 0.56678 0.61771
0.54438 0.56724 0.61798
0.54360 0.56769 0.61824
0.54283 0.56815 0.61850
0.54207 0.56860 0.61875
0.54132 0.56904 0.61901
0.54056 0.56948 0.61926
0.53982 0.56992 0.61950
0.53908 0.57036 0.61974
0.53835 0.57079 0.61998
0.53762 0.57122 0.62022
0.53690 0.57164 0.62045
0.53618 0.57206 0.62069
0.53547 0.57248 0.62091
0.53477 0.57290 0.62114
0.53407 0.57331 0.62136
0.53337 0.57372 0.62158
0.53269 0.57412 0.62180
0.53200 0.57452 0.62201
0.53133 0.57492 0.62222
0.53065 0.57532 0.62243
0.52999 0.57571 0.62263
0.52932 0.57610 0.62284
0.52867 0.57649 0.62304
0.52802 0.57687 0.62323
0.52737 0.57725 0.62343
0.52673 0.57763 0.62362
0.52610 0.57800 0.62381
0.52547 0.57837 0.62400
0.52484 0.57874 0.62418
0.52422 0.57911 0.62436
0.52360 0.57947 0.62454
0.52299 0.57983 0.62472
0.52239 0.58019 0.62489
0.52179 0.58055 0.62506
0.52119 0.58090 0.62523
0.52060 0.58125 0.62540
0.52002 0.58159 0.62556
0.51944 0.58194 0.62573
0.51886 0.58228 0.62588
0.51829 0.58262 0.62604
0.51772 0.58296 0.62620
0.51716 0.58329 0.62635
0.51661 0.58362 0.62650
0.51605 0.58395 0.62665
0.51551 0.58428 0.62679
0.51496 0.58460 0.62694
0.51442 0.58493 0.62708
0.51389 0.58525 0.62722
0.51336 0.58556 0.62736
0.51284 0.58588 0.62749
0.51232 0.58619 0.62762
0.51180 0.58650 0.62775
0.51129 0.58681 0.62788
0.51079 0.58712 0.62801
0.51028 0.58742 0.62813
0.50979 0.58772 0.62825
0.50929 0.58802 0.62837
0.50880 0.58832 0.62849
0.50832 0.58861 0.62861
0.50784 0.58890 0.62872
0.50736 0.58919 0.62883
0.50689 0.58948 0.62894
0.50643 0.58977 0.62905
0.50596 0.59005 0.62916
0.50550 0.59034 0.62926
0.50505 0.59062 0.62936
0.50460 0.59089 0.62946
0.50415 0.59117 0.62956
0.50371 0.59144 0.62966
0.50328 0.59172 0.62975
0.50284 0.59199 0.62984
0.50241 0.59225 0.62993
0.50199 0.59252 0.63002
0.50157 0.59279 0.63011
0.50115 0.59305 0.63019
0.50074 0.59331 0.63028
0.50033 0.59357 0.63036
0.49992 0.59382 0.63044
0.49952 0.59408 0.63051
0.49912 0.59433 0.63059
0.49873 0.59458 0.63066
0.49834 0.59483 0.63074
0.49796 0.59508 0.63081
0.49758 0.59533 0.63087
0.49720 0.59557 0.63094
0.49683 0.59581 0.63101
0.49646 0.59606 0.63107
0.49609 0.59629 0.63113
0.49573 0.59653 0.63119
0.49537 0.59677 0.63125
0.49502 0.59700 0.63131
0.49467 0.59723 0.63136
0.49432 0.59747 0.63141
0.49398 0.59769 0.63147
0.49364 0.59792 0.63151
0.49330 0.59815 0.63156
0.49297 0.59837 0.63161
0.49264 0.59860 0.63165
0.49232 0.59882 0.63170
0.49200 0.59904 0.63174
0.49168 0.59925 0.63178
0.49137 0.59947 0.63182
0.49106 0.59969 0.63185
0.49075 0.59990 0.63189
0.49045 0.60011 0.63192
0.49015 0.60032 0.63195
0.48986 0.60053 0.63198
0.48957 0.60074 0.63201
0.48928 0.60094 0.63204
0.48900 0.60115 0.63206
0.48871 0.60135 0.63209
0.48844 0.60155 0.63211
0.48816 0.60175 0.63213
0.48789 0.60195 0.63215
0.48763 0.60215 0.63217
0.48737 0.60235 0.63218
0.48711 0.60254 0.63220
0.48685 0.60273 0.63221
0.48660 0.60293 0.63222
0.48635 0.60312 0.63223
0.48610 0.60331 0.63224
0.48586 0.60349 0.63224
0.48562 0.60368 0.63225
0.48539 0.60386 0.63225
0.48516 0.60405 0.63226
0.48493 0.60423 0.63226
0.48470 0.60441 0.63226
0.48448 0.60459 0.63225
0.48427 0.60477 0.63225
0.48405 0.60495 0.63224
0.48384 0.60512 0.63224
0.48363 0.60530 0.63223
0.48343 0.60547 0.63222
0.48323 0.60564 0.63221
0.48303 0.60581 0.63219
0.48284 0.60598 0.63218
0.48265 0.60615 0.63216
0.48246 0.60632 0.63215
0.48227 0.60649 0.63213
0.48209 0.60665 0.63211
0.48192 0.60681 0.63209
0.48174 0.60698 0.63206
0.48157 0.60714 0.63204
0.48140 0.60730 0.63201
0.48124 0.60746 0.63199
0.48108 0.60761 0.63196
0.48092 0.60777 0.63193
0.48077 0.60793 0.63189
0.48061 0.60808 0.63186
0.48047 0.60823 0.63183
0.48032 0.60839 0.63179
0.48018 0.60854 0.63175
0.48004 0.60869 0.63171
0.47991 0.60883 0.63167
0.47978 0.60898 0.63163
0.47965 0.60913 0.63159
0.47952 0.60927 0.63154
0.47940 0.60942 0.63149
0.47928 0.60956 0.63145
0.47917 0.60970 0.63140
0.47906 0.60984 0.63135
0.47895 0.60998 0.63129
0.47884 0.61012 0.63124
0.47874 0.61026 0.63119
0.47864 0.61039 0.63113
0.47854 0.61053 0.63107
0.47845 0.61066 0.63101
0.47836 0.61080 0.63095
0.47827 0.61093 0.63089
0.47819 0.61106 0.63082
0.47811 0.61119 0.63076
0.47803 0.61132 0.63069
0.47796 0.61145 0.63062
0.47789 0.61157 0.63055
0.47782 0.61170 0.63048
0.47776 0.61182 0.63041
0.47770 0.61195 0.63034
0.47764 0.61207 0.63026
0.47759 0.61219 0.63018
0.47754 0.61231 0.63011
0.47749 0.61243 0.63003
0.47744 0.61255 0.62994
0.47740 0.61267 0.62986
0.47736 0.61279 0.62978
0.47733 0.61290 0.62969
0.47729 0.61302 0.62960
0.47727 0.61313 0.62952
0.47724 0.61324 0.62943
0.47722 0.61335 0.62933
0.47720 0.61346 0.62924
0.47718 0.61357 0.62915
0.47717 0.61368 0.62905
0.47716 0.61379 0.62895
0.47715 0.61390 0.62885
0.47715 0.61400 0.62875
0.47715 0.61411 0.62865
0.47715 0.61421 0.62855
0.47716 0.61432 0.62844
0.47717 0.61442 0.62833
0.47718 0.61452 0.62823
0.47719 0.61462 0.62812
0.47721 0.61472 0.62800
0.47723 0.61482 0.62789
0.47726 0.61491 0.62778
0.47729 0.61501 0.62766
0.47732 0.61510 0.62754
0.47735 0.61520 0.62743
0.47739 0.61529 0.62730
0.47743 0.61538 0.62718
0.47748 0.61548 0.62706
0.47753 0.61557 0.62693
0.47758 0.61566 0.62681
0.47763 0.61575 0.62668
0.47769 0.61583 0.62655
0.47775 0.61592 0.62642
0.47781 0.61601 0.62628
0.47788 0.61609 0.62615
0.47795 0.61618 0.62601
0.47802 0.61626 0.62588
0.47810 0.61634 0.62574
0.47818 0.61642 0.62559
0.47826 0.61650 0.62545
0.47835 0.61658 0.62531
0.47844 0.61666 0.62516
0.47853 0.61674 0.62501
0.47863 0.61681 0.62486
0.47873 0.61689 0.62471
0.47883 0.61697 0.62456
0.47894 0.61704 0.62441
0.47905 0.61711 0.62425
0.47916 0.61718 0.62409
0.47927 0.61726 0.62393
0.47939 0.61733 0.62377
0.47952 0.61739 0.62361
0.47964 0.61746 0.62344
0.47977 0.61753 0.62328
0.47990 0.61760 0.62311
0.48004 0.61766 0.62294
0.48018 0.61773 0.62277
0.48032 0.61779 0.62260
0.48047 0.61785 0.62242
0.48062 0.61792 0.62224
0.48077 0.61798 0.62207
0.48093 0.61804 0.62189
0.48109 0.61809 0.62170
0.48125 0.61815 0.62152
0.48142 0.61821 0.62133
0.48159 0.61827 0.62115
0.48176 0.61832 0.62096
0.48193 0.61838 0.62077
0.48212 0.61843 0.62057
0.48230 0.61848 0.62038
0.48249 0.61853 0.62018
0.48268 0.61858 0.61998
0.48287 0.61863 0.61978
0.48307 0.61868 0.61958
0.48327 0.61873 0.61937
0.48347 0.61878 0.61917
0.48368 0.61882 0.61896
0.48389 0.61887 0.61875
0.48411 0.61891 0.61854
0.48433 0.61895 0.61832
0.48455 0.61900 0.61811
0.48477 0.61904 0.61789
0.48500 0.61908 0.61767
0.48523 0.61912 0.61745
0.48547 0.61916 0.61722
0.48571 0.61919 0.61700
0.48595 0.61923 0.61677
0.48620 0.61926 0.61654
0.48645 0.61930 0.61631
0.48671 0.61933 0.61607
0.48697 0.61936 0.61584
0.48723 0.61940 0.61560
0.48749 0.61943 0.61536
0.48776 0.61945 0.61511
0.48804 0.61948 0.61487
0.48831 0.61951 0.61462
0.48859 0.61954 0.61437
0.48888 0.61956 0.61412
0.48917 0.61959 0.61387
0.48946 0.61961 0.61361
0.48975 0.61963 0.61335
0.49005 0.61965 0.61309
0.49036 0.61967 0.61283
0.49066 0.61969 0.61256
0.49097 0.61971 0.61229
0.49129 0.61973 0.61203
0.49161 0.61974 0.61175
0.49193 0.61976 0.61148
0.49226 0.61977 0.61120
0.49259 0.61978 0.61092
0.49292 0.61980 0.61064
0.49326 0.61981 0.61036
0.49360 0.61982 0.61007
0.49395 0.61982 0.60978
0.49430 0.61983 0.60949
0.49465 0.61984 0.60920
0.49501 0.61984 0.60890
0.49537 0.61985 0.60860
0.49574 0.61985 0.60830
0.49611 0.61985 0.60800
0.49649 0.61985 0.60769
0.49686 0.61985 0.60738
0.49725 0.61985 0.60707
0.49763 0.61985 0.60675
0.49803 0.61984 0.60644
0.49842 0.61984 0.60612
0.49882 0.61983 0.60579
0.49923 0.61983 0.60547
0.49963 0.61982 0.60514
0.50005 0.61981 0.60481
0.50046 0.61980 0.60447
0.50088 0.61978 0.60414
0.50131 0.61977 0.60380
0.50174 0.61976 0.60346
0.50217 0.61974 0.60311
0.50261 0.61972 0.60276
0.50306 0.61970 0.60241
0.50350 0.61968 0.60206
0.50396 0.61966 0.60170
0.50441 0.61964 0.60134
0.50488 0.61962 0.60098
0.50534 0.61959 0.60061
0.50581 0.61957 0.60024
0.50629 0.61954 0.59987
0.50677 0.61951 0.59949
0.50725 0.61948 0.59912
0.50774 0.61945 0.59873
0.50823 0.61942 0.59835
0.50873 0.61938 0.59796
0.50923 0.61935 0.59757
0.50974 0.61931 0.59717
0.51025 0.61927 0.59678
0.51077 0.61923 0.59637
0.51129 0.61919 0.59597
0.51182 0.61915 0.59556
0.51235 0.61911 0.59515
0.51289 0.61906 0.59473
0.51343 0.61901 0.59431
0.51398 0.61897 0.59389
0.51453 0.61892 0.59347
0.51509 0.61886 0.59304
0.51565 0.61881 0.59260
0.51622 0.61876 0.59216
0.51679 0.61870 0.59172
0.51737 0.61864 0.59128
0.51795 0.61858 0.59083
0.51854 0.61852 0.59038
0.51913 0.61846 0.58992
0.51973 0.61840 0.58946
0.52033 0.61833 0.58900
0.52094 0.61827 0.58853
0.52156 0.61820 0.58806
0.52218 0.61813 0.58758
0.52280 0.61805 0.58710
0.52343 0.61798 0.58662
0.52407 0.61790 0.58613
0.52471 0.61783 0.58563
0.52536 0.61775 0.58514
0.52601 0.61767 0.58464
0.52667 0.61758 0.58413
0.52733 0.61750 0.58362
0.52800 0.61741 0.58310
0.52868 0.61733 0.58259
0.52936 0.61724 0.58206
0.53005 0.61714 0.58153
0.53074 0.61705 0.58100
0.53144 0.61695 0.58046
0.53215 0.61686 0.57992
0.53286 0.61676 0.57937
0.53358 0.61666 0.57882
0.53430 0.61655 0.57826
0.53503 0.61645 0.57770
0.53576 0.61634 0.57714
0.53650 0.61623 0.57656
0.53725 0.61612 0.57599
0.53801 0.61600 0.57540
0.53877 0.61589 0.57482
0.53953 0.61577 0.57422
0.54031 0.61565 0.57363
0.54109 0.61552 0.57302
0.54187 0.61540 0.57241
0.54267 0.61527 0.57180
0.54346 0.61514 0.57118
0.54427 0.61501 0.57055
0.54508 0.61488 0.56992
0.54590 0.61474 0.56929
0.54673 0.61460 0.56864
0.54756 0.61446 0.56799
0.54840 0.61431 0.56734
0.54925 0.61417 0.56668
0.55010 0.61402 0.56601
0.55096 0.61387 0.56534
0.55183 0.61371 0.56466
0.55270 0.61356 0.56398
0.55358 0.61340 0.56328
0.55447 0.61323 0.56259
0.55537 0.61307 0.56188
0.55627 0.61290 0.56117
0.55718 0.61273 0.56045
0.55810 0.61256 0.55973
0.55903 0.61238 0.55900
0.55996 0.61220 0.55826
0.56090 0.61202 0.55751
0.56185 0.61184 0.55676
0.56281 0.61165 0.55600
0.56377 0.61146 0.55523
0.56474 0.61126 0.55446
0.56572 0.61106 0.55368
0.56671 0.61086 0.55289
0.56770 0.61066 0.55209
0.56871 0.61045 0.55129
0.56972 0.61024 0.55047
0.57074 0.61003 0.54965
0.57177 0.60981 0.54883
0.57280 0.60959 0.54799
0.57385 0.60937 0.54715
0.57490 0.60914 0.54629
0.57596 0.60891 0.54543
0.57703 0.60868 0.54456
0.57811 0.60844 0.54368
0.57920 0.60819 0.54280
0.58029 0.60795 0.54190
0.58140 0.60770 0.54100
0.58251 0.60745 0.54008
0.58363 0.60719 0.53916
0.58477 0.60693 0.53823
0.58591 0.60666 0.53729
0.58706 0.60639 0.53633
0.58822 0.60612 0.53537
0.58938 0.60584 0.53440
0.59056 0.60556 0.53342
0.59175 0.60527 0.53243
0.59295 0.60498 0.53143
0.59415 0.60468 0.53042
0.59537 0.60438 0.52940
0.59659 0.60408 0.52837
0.59783 0.60377 0.52732
0.59907 0.60345 0.52627
0.60033 0.60313 0.52520
0.60159 0.60281 0.52413
0.60287 0.60248 0.52304
0.60415 0.60214 0.52194
0.60545 0.60180 0.52083
0.60676 0.60146 0.51971
0.60807 0.60111 0.51857
0.60940 0.60075 0.51742
0.61074 0.60039 0.51627
0.61209 0.60002 0.51509
0.61345 0.59965 0.51391
0.61482 0.59927 0.51271
0.61620 0.59889 0.51150
0.61759 0.59850 0.51028
0.61899 0.59810 0.50904
0.62041 0.59770 0.50779
0.62183 0.59729 0.50652
0.62327 0.59688 0.50525
0.62472 0.59645 0.50395
0.62618 0.59603 0.50265
0.62765 0.59559 0.50132
0.62913 0.59515 0.49999
0.63063 0.59470 0.49863
0.63214 0.59425 0.49727
0.63366 0.59378 0.49588
0.63519 0.59331 0.49448
0.63673 0.59284 0.49307
0.63829 0.59235 0.49164
0.63985 0.59186 0.49019
0.64144 0.59136 0.48873
0.64303 0.59085 0.48724
0.64463 0.59034 0.48575
0.64625 0.58981 0.48423
0.64788 0.58928 0.48269
0.64953 0.58874 0.48114
0.65119 0.58819 0.47957
0.65286 0.58763 0.47798
0.65454 0.58706 0.47637
0.65624 0.58649 0.47475
0.65795 0.58590 0.47310
0.65967 0.58531 0.47143
0.66141 0.58470 0.46974
0.66316 0.58409 0.46803
0.66493 0.58346 0.46630
0.66671 0.58283 0.46455
0.66850 0.58218 0.46278
0.67031 0.58153 0.46099
0.67213 0.58086 0.45917
0.67397 0.58019 0.45733
0.67582 0.57950 0.45547
0.67768 0.57880 0.45359
0.67956 0.57809 0.45168
0.68145 0.57737 0.44974
0.68336 0.57663 0.44779
0.68529 0.57589 0.44580
0.68722 0.57513 0.44379
0.68918 0.57435 0.44176
0.69115 0.57357 0.43970
0.69313 0.57277 0.43761
0.69513 0.57196 0.43550
0.69714 0.57114 0.43335
0.69917 0.57030 0.43118
0.70122 0.56944 0.42898
0.70328 0.56858 0.42676
0.70535 0.56769 0.42450
0.70745 0.56680 0.42221
0.70955 0.56588 0.41989
0.71168 0.56496 0.41754
0.71382 0.56401 0.41516
0.71597 0.56305 0.41274
0.71815 0.56207 0.41029
0.72033 0.56108 0.40781
0.72254 0.56007 0.40530
0.72476 0.55904 0.40275
0.72699 0.55799 0.40016
0.72925 0.55692 0.39754
0.73151 0.55584 0.39488
0.73380 0.55473 0.39219
0.73610 0.55361 0.38945
0.73842 0.55247 0.38668
0.74075 0.55130 0.38387
0.74310 0.55012 0.38101
0.74547 0.54891 0.37812
0.74785 0.54768 0.37519
0.75025 0.54643 0.37221
0.75267 0.54516 0.36919
0.75510 0.54386 0.36612
0.75755 0.54254 0.36301
0.76001 0.54119 0.35985
0.76249 0.53982 0.35665
0.76499 0.53843 0.35340
0.76750 0.53701 0.35010
0.77003 0.53556 0.34675
0.77257 0.53408 0.34335
0.77513 0.53258 0.33990
0.77770 0.53105 0.33640
0.78029 0.52949 0.33284
0.78290 0.52790 0.32923
0.78552 0.52628 0.32557
0.78815 0.52463 0.32184
0.79080 0.52295 0.31806
0.79346 0.52123 0.31422
0.79614 0.51949 0.31032
0.79883 0.51770 0.30636
0.80153 0.51589 0.30234
0.80425 0.51404 0.29825
0.80698 0.51215 0.29410
0.80972 0.51022 0.28988
0.81247 0.50826 0.28560
0.81524 0.50626 0.28124
0.81801 0.50421 0.27681
0.82080 0.50213 0.27232
0.82359 0.50001 0.26775
0.82640 0.49784 0.26310
0.82921 0.49563 0.25838
0.83203 0.49337 0.25358
0.83486 0.49107 0.24870
0.83770 0.48872 0.24374
0.84054 0.48633 0.23870
0.84339 0.48388 0.23357
0.84624 0.48138 0.22836
0.84909 0.47884 0.22306
0.85195 0.47623 0.21767
0.85481 0.47358 0.21219
0.85767 0.47087 0.20662
0.86052 0.46810 0.20095
0.86338 0.46528 0.19518
0.86623 0.46239 0.18932
0.86908 0.45945 0.18335
0.87192 0.45644 0.17728
0.87475 0.45337 0.17111
0.87757 0.45023 0.16482
0.88038 0.44702 0.15843
0.88318 0.44375 0.15193
0.88596 0.44040 0.14531
0.88873 0.43699 0.13858
0.89148 0.43349 0.13173
0.89420 0.42993 0.12476
0.89690 0.42628 0.11766
0.89958 0.42256 0.11044
0.90223 0.41875 0.10310
0.90485 0.41486 0.09562
0.90743 0.41089 0.08801
0.90997 0.40683 0.08026
0.91248 0.40267 0.07238
0.91494 0.39843 0.06435
0.91735 0.39409 0.05618
0.91971 0.38966 0.04787
0.92202 0.38513 0.03941
0.92427 0.38049 0.03080
0.92646 0.37576 0.02203
0.92857 0.37091 0.01311
0.93062 0.36596 0.00403
0.93259 0.36090 -0.00521
0.93448 0.35573 -0.01461
0.93627 0.35044 -0.02419
0.93798 0.34503 -0.03392
0.93958 0.33950 -0.04384
0.94108 0.33385 -0.05392
0.94247 0.32807 -0.06418
0.94374 0.32216 -0.07462
0.94488 0.31612 -0.08524
0.94589 0.30995 -0.09604
0.94676 0.30364 -0.10703
0.94747 0.29719 -0.11820
0.94803 0.29060 -0.12956
0.94842 0.28387 -0.14111
0.94864 0.27698 -0.15286
0.94867 0.26995 -0.16479
0.94850 0.26276 -0.17692
0.94813 0.25542 -0.18924
0.94754 0.24792 -0.20176
0.94672 0.24026 -0.21448
0.94566 0.23244 -0.22739
0.94434 0.22445 -0.24049
0.94276 0.21630 -0.25379
0.94091 0.20798 -0.26728
0.93875 0.19949 -0.28097
0.93630 0.19083 -0.29484
0.93352 0.18200 -0.30890
0.93040 0.17299 -0.32315
0.92694 0.16381 -0.33758
0.92310 0.15445 -0.35218
0.91888 0.14491 -0.36695
0.91426 0.13520 -0.38189
0.90922 0.12532 -0.39700
0.90375 0.11526 -0.41225
0.89782 0.10503 -0.42765
0.89142 0.09463 -0.44318
0.88453 0.08405 -0.45885
0.87713 0.07332 -0.47462
0.86920 0.06241 -0.49050
0.86072 0.05135 -0.50648
0.85168 0.04014 -0.52253
0.84205 0.02878 -0.53864
0.83181 0.01727 -0.55480
0.82094 0.00563 -0.57098
0.80944 -0.00615 -0.58718
0.79727 -0.01804 -0.60336
0.78442 -0.03004 -0.61951
0.77087 -0.04214 -0.63560
0.75660 -0.05434 -0.65161
0.74161 -0.06661 -0.66752
0.72586 -0.07894 -0.68329
0.70936 -0.09132 -0.69890
0.69209 -0.10373 -0.71432
0.67403 -0.11617 -0.72952
0.65517 -0.12860 -0.74445
0.63552 -0.14101 -0.75910
0.61506 -0.15338 -0.77342
0.59379 -0.16570 -0.78738
0.57170 -0.17793 -0.80094
0.54880 -0.19005 -0.81406
0.52510 -0.20205 -0.82671
0.50060 -0.21390 -0.83884
0.47530 -0.22557 -0.85042
0.44923 -0.23704 -0.86140
0.42239 -0.24827 -0.87175
0.39481 -0.25925 -0.88143
0.36651 -0.26995 -0.89039
0.33751 -0.28033 -0.89861
0.30785 -0.29037 -0.90604
0.27755 -0.30005 -0.91265
0.24666 -0.30933 -0.91841
0.21522 -0.31819 -0.92327
0.18326 -0.32661 -0.92722
0.15084 -0.33455 -0.93023
0.11800 -0.34200 -0.93226
0.08480 -0.34892 -0.93331
0.05128 -0.35531 -0.93334
0.01752 -0.36114 -0.93235
-0.01643 -0.36638 -0.93032
-0.05052 -0.37104 -0.92724
-0.08468 -0.37508 -0.92312
-0.11884 -0.37850 -0.91794
-0.15294 -0.38128 -0.91172
-0.18692 -0.38343 -0.90446
-0.22072 -0.38493 -0.89617
-0.25426 -0.38578 -0.88686
-0.28749 -0.38598 -0.87657
-0.32035 -0.38553 -0.86530
-0.35278 -0.38444 -0.85308
-0.38472 -0.38271 -0.83996
-0.41611 -0.38035 -0.82594
-0.44691 -0.37738 -0.81109
-0.47706 -0.37380 -0.79542
-0.50652 -0.36964 -0.77898
-0.53525 -0.36490 -0.76181
-0.56320 -0.35961 -0.74397
-0.59035 -0.35378 -0.72548
-0.61666 -0.34745 -0.70640
-0.64211 -0.34062 -0.68678

