0.00000 0.00000 0.00000
0.00704 -0.01481 -0.01155
0.02011 -0.02880 -0.02178
0.03908 -0.04137 -0.03006
0.06385 -0.05193 -0.03582
0.09430 -0.05996 -0.03853
0.13033 -0.06495 -0.03768
0.17182 -0.06644 -0.03283
0.21865 -0.06400 -0.02354
0.27070 -0.05725 -0.00945
0.32786 -0.04582 0.00979
0.39001 -0.02940 0.03450
0.45702 -0.00769 0.06494
0.52877 0.01956 0.10137
0.60515 0.05259 0.14398
0.68602 0.09158 0.19296
0.77126 0.13671 0.24845
0.86074 0.18811 0.31057
0.95433 0.24590 0.37941
1.05191 0.31016 0.45502
1.15335 0.38095 0.53744
1.25851 0.45830 0.62667
1.36727 0.54223 0.72269
1.47950 0.63271 0.82546
1.59505 0.72971 0.93491
1.71381 0.83316 1.05095
1.83563 0.94300 1.17346
1.96037 1.05911 1.30233
2.08792 1.18138 1.43738
2.21812 1.30967 1.57845
2.35085 1.44382 1.72535
2.48596 1.58366 1.87787
2.62333 1.72899 2.03579
2.76281 1.87962 2.19886
2.90427 2.03532 2.36684
3.04757 2.19585 2.53945
3.19257 2.36098 2.71642
3.33913 2.53044 2.89746
3.48712 2.70397 3.08225
3.63640 2.88128 3.27050
3.78682 3.06209 3.46187
3.93826 3.24609 3.65603
4.09058 3.43298 3.85265
4.24363 3.62246 4.05139
4.39727 3.81419 4.25190
4.55138 4.00786 4.45381
4.70582 4.20313 4.65678
4.86043 4.39967 4.86045
5.01510 4.59716 5.06444
5.16968 4.79524 5.26841
5.32404 4.99358 5.47199
5.47804 5.19184 5.67480
5.63155 5.38968 5.87651
5.78443 5.58676 6.07674
5.93654 5.78276 6.27514
6.08776 5.97732 6.47137
6.23796 6.17014 6.66508
6.38699 6.36087 6.85594
6.53473 6.54921 7.04360
6.68105 6.73483 7.22776
6.82581 6.91743 7.40810
6.96889 7.09672 7.58431
7.11017 7.27241 7.75610
7.24951 7.44421 7.92320
7.38678 7.61185 8.08533
7.52187 7.77508 8.24225
7.65465 7.93365 8.39370
7.78499 8.08733 8.53948
7.91278 8.23589 8.67936
8.03789 8.37914 8.81317
8.16020 8.51687 8.94072
8.27960 8.64892 9.06186
8.39597 8.77514 9.17647
8.50919 8.89537 9.28442
8.61915 9.00950 9.38563
8.72574 9.11742 9.48004
8.82884 9.21907 9.56758
8.92836 9.31437 9.64826
9.02417 9.40329 9.72206
9.11617 9.48581 9.78903
9.20427 9.56195 9.84921
9.28834 9.63173 9.90271
9.36830 9.69521 9.94963
9.44405 9.75248 9.99012
9.51548 9.80365 10.02437
9.58251 9.84885 10.05256
9.64503 9.88826 10.07496
9.70296 9.92207 10.09183
9.75620 9.95050 10.10348
9.80468 9.97382 10.11026
9.84829 9.99231 10.11255
9.88696 10.00630 10.11076
9.92062 10.01615 10.10536
9.94917 10.02223 10.09684
9.97254 10.02499 10.08573
9.99066 10.02487 10.07261
10.00345 10.02238 10.05810
10.01084 10.01805 10.04285
10.01278 10.01247 10.02758
10.00918 10.00623 10.01303

0.00000 0.00000 0.00000
0.00708 -0.01480 -0.01182
0.02032 -0.02871 -0.02295
0.03971 -0.04100 -0.03288
0.06524 -0.05100 -0.04116
0.09686 -0.05808 -0.04733
0.13455 -0.06167 -0.05099
0.17825 -0.06123 -0.05176
0.22791 -0.05628 -0.04929
0.28345 -0.04636 -0.04324
0.34481 -0.03108 -0.03331
0.41190 -0.01007 -0.01923
0.48463 0.01700 -0.00073
0.56289 0.05041 0.02239
0.64659 0.09040 0.05036
0.73560 0.13720 0.08336
0.82980 0.19096 0.12153
0.92908 0.25183 0.16502
1.03329 0.31993 0.21394
1.14228 0.39532 0.26839
1.25593 0.47804 0.32844
1.37407 0.56812 0.39415
1.49654 0.66553 0.46555
1.62319 0.77023 0.54266
1.75384 0.88214 0.62547
1.88833 1.00118 0.71397
2.02647 1.12722 0.80813
2.16809 1.26011 0.90788
2.31301 1.39968 1.01316
2.46103 1.54574 1.12389
2.61197 1.69809 1.23997
2.76563 1.85648 1.36129
2.92182 2.02068 1.48772
3.08034 2.19041 1.61913
3.24098 2.36539 1.75536
3.40356 2.54532 1.89625
3.56785 2.72989 2.04163
3.73366 2.91877 2.19131
3.90078 3.11162 2.34510
4.06901 3.30810 2.50279
4.23813 3.50784 2.66418
4.40795 3.71047 2.82903
4.57824 3.91563 2.99712
4.74882 4.12291 3.16821
4.91946 4.33195 3.34206
5.08996 4.54234 3.51843
5.26013 4.75368 3.69704
5.42976 4.96557 3.87765
5.59864 5.17762 4.05999
5.76658 5.38942 4.24379
5.93338 5.60056 4.42878
6.09884 5.81066 4.61468
6.26278 6.01931 4.80122
6.42501 6.22612 4.98812
6.58535 6.43070 5.17509
6.74360 6.63266 5.36187
6.89959 6.83164 5.54816
7.05316 7.02727 5.73369
7.20413 7.21918 5.91818
7.35234 7.40703 6.10136
7.49763 7.59048 6.28295
7.63984 7.76921 6.46268
7.77883 7.94291 6.64028
7.91445 8.11127 6.81548
8.04657 8.27403 6.98804
8.17506 8.43091 7.15769
8.29980 8.58166 7.32419
8.42066 8.72607 7.48729
8.53754 8.86391 7.64677
8.65035 8.99501 7.80238
8.75897 9.11919 7.95392
8.86333 9.23631 8.10117
8.96335 9.34627 8.24393
9.05896 9.44895 8.38201
9.15010 9.54430 8.51522
9.23672 9.63227 8.64340
9.31878 9.71285 8.76639
9.39623 9.78606 8.88403
9.46907 9.85195 8.99619
9.53728 9.91059 9.10276
9.60085 9.96210 9.20361
9.65980 10.00662 9.29866
9.71414 10.04434 9.38783
9.76391 10.07547 9.47106
9.80915 10.10025 9.54829
9.84990 10.11899 9.61950
9.88625 10.13201 9.68466
9.91826 10.13968 9.74379
9.94603 10.14241 9.79690
9.96967 10.14065 9.84403
9.98928 10.13491 9.88525
10.00500 10.12571 9.92063
10.01698 10.11364 9.95027
10.02537 10.09935 9.97430
10.03034 10.08349 9.99285
10.03209 10.06681 10.00609
10.03081 10.05008 10.01420
10.02672 10.03413 10.01741
10.02005 10.01984 10.01593
10.01106 10.00813 10.01003

0.00000 0.00000 0.00000
0.00700 -0.01510 -0.01201
0.02014 -0.02999 -0.02368
0.03957 -0.04406 -0.03449
0.06542 -0.05674 -0.04394
0.09783 -0.06750 -0.05157
0.13687 -0.07584 -0.05694
0.18261 -0.08129 -0.05965
0.23511 -0.08344 -0.05933
0.29440 -0.08187 -0.05561
0.36047 -0.07622 -0.04818
0.43331 -0.06616 -0.03674
0.51290 -0.05139 -0.02102
0.59917 -0.03162 -0.00076
0.69207 -0.00662 0.02424
0.79150 0.02384 0.05420
0.89737 0.05995 0.08929
1.00954 0.10186 0.12965
1.12790 0.14972 0.17543
1.25228 0.20364 0.22672
1.38253 0.26370 0.28362
1.51846 0.32997 0.34620
1.65990 0.40249 0.41449
1.80664 0.48128 0.48854
1.95846 0.56632 0.56835
2.11514 0.65761 0.65391
2.27644 0.75509 0.74519
2.44213 0.85870 0.84216
2.61194 0.96836 0.94476
2.78563 1.08396 1.05290
2.96291 1.20538 1.16650
3.14351 1.33250 1.28545
3.32715 1.46515 1.40964
3.51354 1.60318 1.53893
3.70238 1.74640 1.67317
3.89338 1.89462 1.81222
4.08623 2.04763 1.95589
4.28063 2.20521 2.10401
4.47627 2.36714 2.25639
4.67284 2.53316 2.41282
4.87002 2.70303 2.57309
5.06751 2.87649 2.73699
5.26498 3.05327 2.90429
5.46214 3.23308 3.07475
5.65866 3.41565 3.24812
5.85423 3.60069 3.42416
6.04856 3.78789 3.60262
6.24132 3.97696 3.78322
6.43223 4.16760 3.96571
6.62099 4.35948 4.14981
6.80730 4.55231 4.33525
6.99088 4.74576 4.52176
7.17145 4.93952 4.70905
7.34874 5.13327 4.89684
7.52247 5.32671 5.08485
7.69240 5.51951 5.27280
7.85827 5.71137 5.46040
8.01985 5.90196 5.64736
8.17690 6.09099 5.83341
8.32920 6.27815 6.01827
8.47656 6.46314 6.20164
8.61876 6.64566 6.38327
8.75564 6.82544 6.56287
8.88701 7.00218 6.74017
9.01272 7.17562 6.91491
9.13264 7.34548 7.08683
9.24662 7.51152 7.25567
9.35457 7.67348 7.42119
9.45638 7.83113 7.58314
9.55199 7.98424 7.74129
9.64132 8.13259 7.89541
9.72433 8.27600 8.04528
9.80101 8.41426 8.19070
9.87135 8.54721 8.33146
9.93536 8.67469 8.46737
9.99308 8.79654 8.59825
10.04457 8.91266 8.72394
10.08991 9.02291 8.84428
10.12920 9.12722 8.95912
10.16257 9.22550 9.06834
10.19018 9.31771 9.17182
10.21218 9.40380 9.26945
10.22879 9.48376 9.36115
10.24022 9.55760 9.44684
10.24674 9.62534 9.52647
10.24862 9.68704 9.60000
10.24616 9.74277 9.66739
10.23971 9.79263 9.72866
10.22962 9.83674 9.78381
10.21629 9.87525 9.83286
10.20014 9.90834 9.87588
10.18164 9.93621 9.91293
10.16126 9.95909 9.94410
10.13952 9.97724 9.96950
10.11698 9.99096 9.98927
10.09422 10.00055 10.00357
10.07186 10.00636 10.01257
10.05055 10.00879 10.01648
10.03098 10.00823 10.01551
10.01388 10.00514 10.00993

0.00000 0.00000 0.00000
0.00377 -0.01639 -0.00927
0.00742 -0.03495 -0.01291
0.01141 -0.05475 -0.01068
0.01618 -0.07496 -0.00239
0.02215 -0.09476 0.01214
0.02971 -0.11339 0.03307
0.03924 -0.13017 0.06052
0.05107 -0.14442 0.09460
0.06554 -0.15554 0.13540
0.08293 -0.16297 0.18297
0.10353 -0.16618 0.23735
0.12760 -0.16469 0.29855
0.15535 -0.15808 0.36659
0.18702 -0.14595 0.44142
0.22278 -0.12794 0.52301
0.26282 -0.10375 0.61130
0.30728 -0.07310 0.70621
0.35630 -0.03575 0.80765
0.40999 0.00850 0.91549
0.46845 0.05981 1.02962
0.53177 0.11832 1.14989
0.59999 0.18413 1.27614
0.67317 0.25730 1.40820
0.75133 0.33788 1.54589
0.83449 0.42586 1.68900
0.92265 0.52124 1.83733
1.01578 0.62394 1.99065
1.11386 0.73391 2.14874
1.21684 0.85104 2.31135
1.32466 0.97520 2.47823
1.43725 1.10625 2.64912
1.55451 1.24401 2.82375
1.67637 1.38828 3.00185
1.80270 1.53887 3.18313
1.93338 1.69552 3.36731
2.06829 1.85799 3.55408
2.20728 2.02602 3.74316
2.35020 2.19932 3.93424
2.49689 2.37758 4.12701
2.64718 2.56051 4.32116
2.80089 2.74776 4.51638
2.95784 2.93901 4.71236
3.11782 3.13391 4.90878
3.28065 3.33209 5.10533
3.44611 3.53319 5.30169
3.61399 3.73684 5.49754
3.78406 3.94266 5.69259
3.95611 4.15026 5.88651
4.12990 4.35924 6.07901
4.30521 4.56922 6.26977
4.48178 4.77980 6.45850
4.65938 4.99058 6.64490
4.83777 5.20117 6.82869
5.01670 5.41116 7.00959
5.19592 5.62017 7.18731
5.37517 5.82779 7.36160
5.55421 6.03365 7.53218
5.73279 6.23737 7.69882
5.91065 6.43855 7.86126
6.08754 6.63684 8.01927
6.26320 6.83188 8.17265
6.43740 7.02331 8.32117
6.60987 7.21079 8.46463
6.78037 7.39399 8.60286
6.94866 7.57260 8.73568
7.11450 7.74631 8.86294
7.27764 7.91484 8.98448
7.43786 8.07790 9.10019
7.59492 8.23525 9.20995
7.74861 8.38664 9.31367
7.89869 8.53186 9.41126
8.04496 8.67071 9.50267
8.18722 8.80300 9.58786
8.32525 8.92858 9.66680
8.45887 9.04732 9.73949
8.58788 9.15911 9.80595
8.71212 9.26386 9.86622
8.83142 9.36152 9.92035
8.94560 9.45205 9.96843
9.05453 9.53546 10.01057
9.15806 9.61176 10.04690
9.25606 9.68103 10.07757
9.34841 9.74334 10.10275
9.43501 9.79882 10.12266
9.51575 9.84762 10.13752
9.59055 9.88994 10.14760
9.65934 9.92601 10.15317
9.72206 9.95608 10.15455
9.77867 9.98045 10.15209
9.82914 9.99947 10.14616
9.87344 10.01352 10.13715
9.91158 10.02301 10.12550
9.94357 10.02842 10.11168
9.96945 10.03024 10.09618
9.98925 10.02903 10.07954
10.00304 10.02538 10.06231
10.01091 10.01994 10.04509
10.01294 10.01340 10.02851
10.00926 10.00649 10.01325

0.00000 0.00000 0.00000
0.00391 -0.01610 -0.00913
0.00803 -0.03373 -0.01251
0.01289 -0.05196 -0.01014
0.01902 -0.06989 -0.00199
0.02688 -0.08669 0.01192
0.03692 -0.10159 0.03157
0.04957 -0.11386 0.05695
0.06520 -0.12283 0.08802
0.08417 -0.12789 0.12475
0.10681 -0.12847 0.16709
0.13341 -0.12405 0.21500
0.16425 -0.11415 0.26840
0.19958 -0.09835 0.32724
0.23960 -0.07628 0.39143
0.28451 -0.04759 0.46091
0.33447 -0.01200 0.53557
0.38964 0.03075 0.61534
0.45013 0.08086 0.70010
0.51602 0.13851 0.78975
0.58741 0.20384 0.88419
0.66433 0.27693 0.98329
0.74683 0.35785 1.08694
0.83490 0.44663 1.19501
0.92854 0.54326 1.30736
1.02772 0.64769 1.42386
1.13240 0.75987 1.54438
1.24251 0.87969 1.66876
1.35797 1.00703 1.79686
1.47868 1.14173 1.92852
1.60452 1.28361 2.06359
1.73538 1.43248 2.20191
1.87110 1.58809 2.34331
2.01152 1.75021 2.48764
2.15649 1.91856 2.63472
2.30581 2.09285 2.78438
2.45930 2.27278 2.93645
2.61674 2.45802 3.09074
2.77792 2.64822 3.24710
2.94262 2.84303 3.40532
3.11060 3.04208 3.56524
3.28163 3.24499 3.72667
3.45544 3.45137 3.88943
3.63178 3.66081 4.05332
3.81039 3.87290 4.21818
3.99100 4.08722 4.38380
4.17334 4.30334 4.55001
4.35711 4.52084 4.71662
4.54205 4.73927 4.88344
4.72787 4.95821 5.05028
4.91427 5.17722 5.21696
5.10097 5.39585 5.38329
5.28767 5.61367 5.54909
5.47409 5.83025 5.71418
5.65994 6.04515 5.87836
5.84491 6.25794 6.04148
6.02873 6.46822 6.20333
6.21110 6.67555 6.36375
6.39175 6.87954 6.52256
6.57038 7.07980 6.67958
6.74674 7.27593 6.83465
6.92054 7.46757 6.98761
7.09151 7.65435 7.13827
7.25941 7.83594 7.28649
7.42398 8.01201 7.43210
7.58496 8.18223 7.57494
7.74213 8.34633 7.71488
7.89526 8.50402 7.85175
8.04413 8.65505 7.98542
8.18852 8.79919 8.11574
8.32825 8.93624 8.24258
8.46313 9.06601 8.36581
8.59298 9.18833 8.48531
8.71764 9.30308 8.60095
8.83697 9.41016 8.71262
8.95083 9.50949 8.82021
9.05910 9.60103 8.92362
9.16169 9.68476 9.02274
9.25849 9.76071 9.11750
9.34946 9.82892 9.20779
9.43452 9.88950 9.29354
9.51365 9.94256 9.37469
9.58684 9.98828 9.45115
9.65408 10.02684 9.52289
9.71541 10.05851 9.58983
9.77086 10.08356 9.65195
9.82050 10.10232 9.70921
9.86443 10.11516 9.76157
9.90275 10.12249 9.80902
9.93559 10.12479 9.85154
9.96313 10.12257 9.88914
9.98554 10.11637 9.92182
10.00303 10.10681 9.94959
10.01584 10.09456 9.97248
10.02423 10.08032 9.99052
10.02849 10.06486 10.00375
10.02894 10.04900 10.01223
10.02592 10.03362 10.01601
10.01982 10.01965 10.01518
10.01103 10.00810 10.00981

0.00000 0.00000 0.00000
0.00394 -0.01615 -0.00938
0.00825 -0.03408 -0.01348
0.01362 -0.05301 -0.01224
0.02069 -0.07220 -0.00562
0.03006 -0.09098 0.00641
0.04228 -0.10869 0.02387
0.05788 -0.12472 0.04679
0.07731 -0.13851 0.07515
0.10102 -0.14952 0.10897
0.12939 -0.15727 0.14821
0.16278 -0.16130 0.19287
0.20149 -0.16118 0.24290
0.24582 -0.15654 0.29826
0.29600 -0.14702 0.35892
0.35224 -0.13230 0.42480
0.41472 -0.11210 0.49585
0.48357 -0.08617 0.57199
0.55891 -0.05429 0.65315
0.64083 -0.01625 0.73923
0.72936 0.02809 0.83014
0.82453 0.07887 0.92579
0.92634 0.13620 1.02607
1.03475 0.20016 1.13086
1.14971 0.27080 1.24005
1.27113 0.34815 1.35351
1.39890 0.43222 1.47111
1.53290 0.52298 1.59273
1.67297 0.62039 1.71821
1.81895 0.72439 1.84741
1.97064 0.83489 1.98019
2.12783 0.95179 2.11639
2.29030 1.07496 2.25585
2.45779 1.20426 2.39842
2.63006 1.33953 2.54392
2.80683 1.48058 2.69219
2.98780 1.62723 2.84306
3.17268 1.77927 2.99635
3.36116 1.93646 3.15189
3.55291 2.09858 3.30949
3.74759 2.26537 3.46898
3.94487 2.43656 3.63017
4.14440 2.61190 3.79287
4.34581 2.79108 3.95689
4.54876 2.97383 4.12206
4.75286 3.15983 4.28817
4.95776 3.34877 4.45504
5.16307 3.54035 4.62248
5.36842 3.73422 4.79029
5.57344 3.93008 4.95828
5.77775 4.12758 5.12626
5.98098 4.32638 5.29404
6.18275 4.52615 5.46142
6.38269 4.72654 5.62822
6.58045 4.92721 5.79425
6.77565 5.12782 5.95932
6.96795 5.32802 6.12324
7.15700 5.52747 6.28582
7.34246 5.72583 6.44689
7.52401 5.92277 6.60625
7.70132 6.11794 6.76374
7.87409 6.31102 6.91917
8.04203 6.50169 7.07237
8.20484 6.68963 7.22318
8.36226 6.87453 7.37141
8.51404 7.05608 7.51692
8.65995 7.23399 7.65953
8.79976 7.40798 7.79909
8.93327 7.57776 7.93545
9.06030 7.74309 8.06847
9.18069 7.90370 8.19799
9.29429 8.05936 8.32388
9.40099 8.20984 8.44600
9.50070 8.35493 8.56423
9.59333 8.49444 8.67845
9.67885 8.62818 8.78853
9.75723 8.75600 8.89437
9.82848 8.87774 8.99586
9.89263 8.99329 9.09290
9.94975 9.10253 9.18541
9.99994 9.20538 9.27329
10.04331 9.30178 9.35647
10.08002 9.39167 9.43487
10.11027 9.47504 9.50845
10.13428 9.55188 9.57713
10.15231 9.62224 9.64088
10.16465 9.68614 9.69965
10.17163 9.74369 9.75342
10.17364 9.79497 9.80216
10.17106 9.84012 9.84586
10.16436 9.87930 9.88451
10.15403 9.91270 9.91813
10.14060 9.94054 9.94673
10.12463 9.96307 9.97034
10.10677 9.98057 9.98898
10.08765 9.99336 10.00271
10.06801 10.00179 10.01158
10.04860 10.00623 10.01566
10.03021 10.00710 10.01503
10.01371 10.00486 10.00978

0.00000 0.00000 0.00000
0.00081 -0.01394 -0.01139
-0.00410 -0.02544 -0.02113
-0.01372 -0.03400 -0.02861
-0.02713 -0.03919 -0.03325
-0.04344 -0.04059 -0.03453
-0.06178 -0.03782 -0.03195
-0.08137 -0.03055 -0.02507
-0.10145 -0.01845 -0.01347
-0.12128 -0.00124 0.00322
-0.14021 0.02133 0.02533
-0.15759 0.04949 0.05317
-0.17283 0.08343 0.08699
-0.18538 0.12333 0.12703
-0.19472 0.16932 0.17349
-0.20037 0.22152 0.22653
-0.20188 0.28002 0.28627
-0.19886 0.34489 0.35284
-0.19094 0.41616 0.42629
-0.17776 0.49386 0.50668
-0.15904 0.57798 0.59402
-0.13450 0.66850 0.68830
-0.10390 0.76537 0.78949
-0.06704 0.86852 0.89752
-0.02374 0.97787 1.01232
0.02615 1.09331 1.13377
0.08274 1.21472 1.26175
0.14614 1.34197 1.39611
0.21640 1.47489 1.53668
0.29356 1.61332 1.68327
0.37764 1.75706 1.83567
0.46862 1.90593 1.99366
0.56647 2.05970 2.15699
0.67113 2.21814 2.32542
0.78252 2.38103 2.49867
0.90054 2.54811 2.67646
1.02507 2.71913 2.85850
1.15597 2.89381 3.04446
1.29308 3.07188 3.23404
1.43622 3.25305 3.42691
1.58519 3.43703 3.62274
1.73980 3.62352 3.82116
1.89980 3.81222 4.02184
2.06496 4.00281 4.22442
2.23503 4.19498 4.42854
2.40973 4.38842 4.63382
2.58880 4.58280 4.83990
2.77194 4.77781 5.04640
2.95884 4.97311 5.25296
3.14920 5.16839 5.45920
3.34270 5.36332 5.66475
3.53901 5.55758 5.86923
3.73779 5.75084 6.07228
3.93872 5.94280 6.27354
4.14143 6.13313 6.47264
4.34558 6.32153 6.66922
4.55082 6.50769 6.86295
4.75678 6.69130 7.05347
4.96311 6.87208 7.24045
5.16945 7.04974 7.42358
5.37543 7.22400 7.60253
5.58069 7.39459 7.77700
5.78487 7.56125 7.94670
5.98762 7.72373 8.11136
6.18858 7.88178 8.27071
6.38739 8.03519 8.42449
6.58371 8.18373 8.57248
6.77720 8.32720 8.71446
6.96752 8.46542 8.85023
7.15434 8.59821 8.97960
7.33734 8.72541 9.10242
7.51620 8.84689 9.21855
7.69062 8.96250 9.32787
7.86032 9.07215 9.43027
8.02499 9.17576 9.52569
8.18439 9.27324 9.61407
8.33824 9.36454 9.69539
8.48630 9.44965 9.76966
8.62835 9.52855 9.83690
8.76416 9.60126 9.89716
8.89354 9.66781 9.95054
9.01630 9.72827 9.99715
9.13229 9.78271 10.03713
9.24135 9.83127 10.07067
9.34335 9.87406 10.09797
9.43820 9.91125 10.11928
9.52580 9.94304 10.13487
9.60609 9.96965 10.14507
9.67903 9.99132 10.15022
9.74459 10.00833 10.15071
9.80280 10.02100 10.14697
9.85367 10.02966 10.13946
9.89726 10.03469 10.12869
9.93365 10.03649 10.11522
9.96297 10.03550 10.09961
9.98534 10.03219 10.08252
10.00094 10.02708 10.06462
10.00995 10.02070 10.04662
10.01262 10.01365 10.02930
10.00921 10.00653 10.01348

0.00000 0.00000 0.00000
0.00082 -0.01391 -0.01117
-0.00395 -0.02525 -0.02041
-0.01324 -0.03342 -0.02735
-0.02600 -0.03790 -0.03163
-0.04126 -0.03819 -0.03293
-0.05809 -0.03383 -0.03093
-0.07562 -0.02441 -0.02535
-0.09303 -0.00956 -0.01593
-0.10954 0.01106 -0.00243
-0.12443 0.03774 0.01536
-0.13704 0.07075 0.03764
-0.14673 0.11031 0.06460
-0.15292 0.15662 0.09638
-0.15508 0.20984 0.13312
-0.15271 0.27009 0.17494
-0.14538 0.33746 0.22194
-0.13267 0.41203 0.27420
-0.11421 0.49382 0.33178
-0.08969 0.58284 0.39473
-0.05881 0.67908 0.46308
-0.02132 0.78249 0.53684
0.02298 0.89299 0.61600
0.07427 1.01049 0.70056
0.13270 1.13486 0.79047
0.19838 1.26597 0.88570
0.27138 1.40365 0.98617
0.35175 1.54771 1.09181
0.43950 1.69795 1.20255
0.53463 1.85415 1.31827
0.63708 2.01606 1.43886
0.74678 2.18344 1.56421
0.86366 2.35600 1.69417
0.98757 2.53346 1.82861
1.11839 2.71552 1.96737
1.25594 2.90186 2.11028
1.40003 3.09217 2.25717
1.55046 3.28609 2.40787
1.70700 3.48330 2.56217
1.86939 3.68343 2.71988
2.03738 3.88612 2.88079
2.21068 4.09101 3.04471
2.38900 4.29771 3.21139
2.57203 4.50586 3.38063
2.75944 4.71506 3.55220
2.95089 4.92494 3.72585
3.14604 5.13510 3.90135
3.34453 5.34516 4.07847
3.54599 5.55473 4.25695
3.75005 5.76342 4.43654
3.95633 5.97084 4.61700
4.16443 6.17663 4.79807
4.37398 6.38040 4.97950
4.58456 6.58177 5.16104
4.79579 6.78039 5.34242
5.00726 6.97588 5.52339
5.21858 7.16792 5.70370
5.42933 7.35614 5.88310
5.63913 7.54022 6.06132
5.84758 7.71985 6.23813
6.05428 7.89470 6.41326
6.25885 8.06449 6.58648
6.46091 8.22894 6.75753
6.66007 8.38777 6.92620
6.85599 8.54074 7.09222
7.04829 8.68762 7.25539
7.23663 8.82819 7.41547
7.42067 8.96226 7.57225
7.60010 9.08964 7.72551
7.77459 9.21018 7.87504
7.94385 9.32375 8.02065
8.10760 9.43024 8.16214
8.26558 9.52957 8.29934
8.41754 9.62166 8.43206
8.56324 9.70649 8.56014
8.70249 9.78404 8.68343
8.83508 9.85434 8.80177
8.96086 9.91743 8.91504
9.07968 9.97339 9.02310
9.19142 10.02233 9.12584
9.29599 10.06439 9.22317
9.39331 10.09974 9.31498
9.48335 10.12859 9.40121
9.56609 10.15118 9.48179
9.64154 10.16778 9.55667
9.70975 10.17872 9.62582
9.77080 10.18434 9.68922
9.82480 10.18503 9.74685
9.87189 10.18123 9.79873
9.91224 10.17340 9.84489
9.94607 10.16206 9.88537
9.97363 10.14777 9.92023
9.99521 10.13111 9.94954
10.01112 10.11274 9.97341
10.02174 10.09334 9.99194
10.02747 10.07365 10.00527
10.02876 10.05446 10.01356
10.02610 10.03659 10.01697
10.02002 10.02093 10.01570
10.01112 10.00840 10.00997

0.00000 0.00000 0.00000
0.00099 -0.01368 -0.01099
-0.00321 -0.02447 -0.01973
-0.01138 -0.03204 -0.02591
-0.02240 -0.03607 -0.02921
-0.03519 -0.03626 -0.02938
-0.04874 -0.03236 -0.02613
-0.06210 -0.02412 -0.01924
-0.07440 -0.01131 -0.00849
-0.08480 0.00626 0.00633
-0.09254 0.02877 0.02541
-0.09690 0.05638 0.04889
-0.09725 0.08922 0.07695
-0.09297 0.12742 0.10969
-0.08353 0.17106 0.14724
-0.06842 0.22023 0.18969
-0.04721 0.27499 0.23713
-0.01951 0.33537 0.28962
0.01505 0.40140 0.34720
0.05675 0.47309 0.40992
0.10585 0.55042 0.47779
0.16257 0.63338 0.55082
0.22707 0.72192 0.62900
0.29947 0.81599 0.71231
0.37989 0.91551 0.80072
0.46835 1.02041 0.89419
0.56487 1.13058 0.99264
0.66945 1.24591 1.09602
0.78201 1.36629 1.20424
0.90247 1.49158 1.31721
1.03071 1.62163 1.43482
1.16659 1.75629 1.55697
1.30992 1.89539 1.68353
1.46050 2.03876 1.81437
1.61810 2.18621 1.94934
1.78246 2.33755 2.08831
1.95330 2.49258 2.23110
2.13032 2.65108 2.37756
2.31321 2.81284 2.52751
2.50161 2.97764 2.68077
2.69518 3.14524 2.83715
2.89353 3.31543 2.99647
3.09628 3.48794 3.15853
3.30303 3.66254 3.32311
3.51335 3.83899 3.49002
3.72683 4.01702 3.65904
3.94302 4.19639 3.82994
4.16148 4.37684 4.00252
4.38176 4.55811 4.17655
4.60341 4.73993 4.35179
4.82596 4.92205 4.52801
5.04894 5.10420 4.70500
5.27190 5.28613 4.88250
5.49437 5.46757 5.06029
5.71588 5.64826 5.23813
5.93598 5.82795 5.41578
6.15419 6.00637 5.59300
6.37009 6.18328 5.76956
6.58321 6.35842 5.94522
6.79312 6.53156 6.11974
6.99939 6.70243 6.29288
7.20161 6.87082 6.46443
7.39937 7.03649 6.63414
7.59228 7.19920 6.80178
7.77996 7.35875 6.96714
7.96205 7.51492 7.12999
8.13822 7.66750 7.29011
8.30813 7.81629 7.44729
8.47149 7.96112 7.60132
8.62801 8.10178 7.75199
8.77744 8.23813 7.89911
8.91953 8.36998 8.04248
9.05409 8.49720 8.18191
9.18092 8.61965 8.31723
9.29989 8.73719 8.44826
9.41086 8.84971 8.57483
9.51374 8.95711 8.69679
9.60847 9.05930 8.81397
9.69504 9.15619 8.92625
9.77344 9.24773 9.03349
9.84373 9.33388 9.13556
9.90599 9.41459 9.23235
9.96035 9.48984 9.32376
10.00696 9.55965 9.40968
10.04605 9.62402 9.49005
10.07785 9.68299 9.56478
10.10266 9.73660 9.63382
10.12083 9.78493 9.69711
10.13273 9.82806 9.75463
10.13882 9.86611 9.80635
10.13958 9.89919 9.85226
10.13555 9.92745 9.89236
10.12732 9.95106 9.92667
10.11554 9.97022 9.95523
10.10091 9.98512 9.97809
10.08418 9.99601 9.99530
10.06619 10.00314 10.00694
10.04781 10.00678 10.01312
10.02997 10.00725 10.01393
10.01368 10.00488 10.00951

