0.20386 -0.76447 -0.61158
0.49114 -0.71213 -0.54014
0.72082 -0.61352 -0.43057
0.88746 -0.49325 -0.30583
1.00055 -0.36997 -0.18225
1.07482 -0.25414 -0.06826
1.12417 -0.14984 0.03353
1.15944 -0.05735 0.12372
1.18826 0.02487 0.20437
1.21568 0.09902 0.27793
1.24492 0.16738 0.34677
1.27794 0.23203 0.41295
1.31591 0.29476 0.47825
1.35946 0.35709 0.54413
1.40888 0.42028 0.61176
1.46427 0.48536 0.68211
1.52557 0.55318 0.75595
1.59267 0.62443 0.83392
1.66541 0.69967 0.91649
1.74357 0.77935 1.00408
1.82696 0.86383 1.09696
1.91536 0.95339 1.19538
2.00855 1.04825 1.29950
2.10631 1.14856 1.40941
2.20844 1.25443 1.52518
2.31473 1.36592 1.64682
2.42497 1.48305 1.77431
2.53897 1.60581 1.90759
2.65654 1.73416 2.04657
2.77749 1.86801 2.19112
2.90163 2.00727 2.34111
3.02880 2.15181 2.49637
3.15880 2.30147 2.65670
3.29148 2.45610 2.82190
3.42666 2.61551 2.99173
3.56417 2.77947 3.16595
3.70386 2.94779 3.34431
3.84556 3.12021 3.52651
3.98911 3.29649 3.71228
4.13435 3.47636 3.90130
4.28114 3.65955 4.09328
4.42932 3.84578 4.28788
4.57874 4.03474 4.48478
4.72925 4.22614 4.68364
4.88070 4.41966 4.88411
5.03295 4.61500 5.08585
5.18586 4.81182 5.28849
5.33927 5.00979 5.49169
5.49306 5.20860 5.69507
5.64708 5.40791 5.89827
5.80120 5.60737 6.10094
5.95528 5.80665 6.30270
6.10918 6.00542 6.50319
6.26278 6.20335 6.70205
6.41594 6.40008 6.89892
6.56853 6.59530 7.09344
6.72044 6.78867 7.28526
6.87154 6.97987 7.47404
7.02169 7.16857 7.65944
7.17080 7.35446 7.84111
7.31873 7.53723 8.01874
7.46538 7.71658 8.19200
7.61063 7.89220 8.36058
7.75438 8.06383 8.52418
7.89652 8.23116 8.68251
8.03696 8.39395 8.83528
8.17559 8.55192 8.98223
8.31232 8.70483 9.12310
8.44707 8.85245 9.25763
8.57976 8.99454 9.38558
8.71030 9.13089 9.50673
8.83863 9.26131 9.62086
8.96467 9.38559 9.72776
9.08839 9.50356 9.82722
9.20971 9.61505 9.91906
9.32861 9.71990 10.00308
9.44504 9.81796 10.07908
9.55899 9.90907 10.14689
9.67042 9.99310 10.20629
9.77934 10.06990 10.25706
9.88572 10.13931 10.29896
9.98956 10.20117 10.33169
10.09084 10.25528 10.35493
10.18952 10.30139 10.36825
10.28551 10.33921 10.37112
10.37865 10.36834 10.36289
10.46862 10.38827 10.34271
10.55491 10.39830 10.30950
10.63658 10.39752 10.26191
10.71210 10.38471 10.19827
10.77891 10.35828 10.11658
10.83285 10.31626 10.01472
10.86733 10.25641 9.89088
10.87227 10.17668 9.74466
10.83326 10.07634 9.57925
10.73226 9.95826 9.40509
10.55225 9.83233 9.24404
10.28840 9.71801 9.13020
9.96226 9.64143 9.10034
9.33333 9.66667 9.33333

