0.00000 0.00000 0.00000
0.08000 -0.30000 -0.24000
3.22231 -0.51884 -0.14535
7.65463 10.58828 11.65570
10.24000 10.12000 10.24000
10.00000 10.00000 10.00000

0.00000 0.00000 0.00000
0.08000 -0.30000 -0.24000
3.24018 -0.53419 -0.39322
9.58662 12.54599 8.56531
10.24000 10.12000 10.24000
10.00000 10.00000 10.00000

0.00000 0.00000 0.00000
0.08000 -0.30000 -0.24000
3.13220 -0.81150 -0.58528
12.49117 9.46887 8.45809
10.24000 10.12000 10.24000
10.00000 10.00000 10.00000

0.00000 0.00000 0.00000
0.08000 -0.30000 -0.24000
-0.14989 -2.15695 2.20801
7.76655 10.86846 11.85525
10.24000 10.12000 10.24000
10.00000 10.00000 10.00000

0.00000 0.00000 0.00000
0.08000 -0.30000 -0.24000
-0.02511 -1.86779 2.38419
9.59078 12.52490 8.31008
10.24000 10.12000 10.24000
10.00000 10.00000 10.00000

0.00000 0.00000 0.00000
0.08000 -0.30000 -0.24000
-0.02200 -1.89240 2.12907
12.35081 9.19064 8.27496
10.24000 10.12000 10.24000
10.00000 10.00000 10.00000

0.00000 0.00000 0.00000
0.08000 -0.30000 -0.24000
-3.20846 0.36952 0.01741
7.74509 10.88310 12.10978
10.24000 10.12000 10.24000
10.00000 10.00000 10.00000

0.00000 0.00000 0.00000
0.08000 -0.30000 -0.24000
-3.21045 0.37972 0.28254
9.71069 12.81698 8.49185
10.24000 10.12000 10.24000
10.00000 10.00000 10.00000

0.00000 0.00000 0.00000
0.08000 -0.30000 -0.24000
-3.06605 0.66081 0.47321
12.34911 9.17974 8.01643
10.24000 10.12000 10.24000
10.00000 10.00000 10.00000

