0.00000 0.00000 0.00000
0.00704 -0.01481 -0.01155
0.02011 -0.02880 -0.02178
0.03908 -0.04137 -0.03006
0.06385 -0.05193 -0.03582
0.09430 -0.05996 -0.03853
0.13033 -0.06495 -0.03768
0.17182 -0.06644 -0.03283
0.21865 -0.06400 -0.02354
0.27070 -0.05725 -0.00945
0.32786 -0.04582 0.00979
0.39001 -0.02940 0.03450
0.45702 -0.00769 0.06494
0.52877 0.01956 0.10137
0.60515 0.05259 0.14398
0.68602 0.09158 0.19296
0.77126 0.13671 0.24845
0.86074 0.18811 0.31057
0.95433 0.24590 0.37941
1.05191 0.31016 0.45502
1.15335 0.38095 0.53744
1.25851 0.45830 0.62667
1.36727 0.54223 0.72269
1.47950 0.63271 0.82546
1.59505 0.72971 0.93491
1.71381 0.83316 1.05095
1.83563 0.94300 1.17346
1.96037 1.05911 1.30233
2.08792 1.18138 1.43738
2.21812 1.30967 1.57845
2.35085 1.44382 1.72535
2.48596 1.58366 1.87787
2.62333 1.72899 2.03579
2.76281 1.87962 2.19886
2.90427 2.03532 2.36684
3.04757 2.19585 2.53945
3.19257 2.36098 2.71642
3.33913 2.53044 2.89746
3.48712 2.70397 3.08225
3.63640 2.88128 3.27050
3.78682 3.06209 3.46187
3.93826 3.24609 3.65603
4.09058 3.43298 3.85265
4.24363 3.62246 4.05139
4.39727 3.81419 4.25190
4.55138 4.00786 4.45381
4.70582 4.20313 4.65678
4.86043 4.39967 4.86045
5.01510 4.59716 5.06444
5.16968 4.79524 5.26841
5.32404 4.99358 5.47199
5.47804 5.19184 5.67480
5.63155 5.38968 5.87651
5.78443 5.58676 6.07674
5.93654 5.78276 6.27514
6.08776 5.97732 6.47137
6.23796 6.17014 6.66508
6.38699 6.36087 6.85594
6.53473 6.54921 7.04360
6.68105 6.73483 7.22776
6.82581 6.91743 7.40810
6.96889 7.09672 7.58431
7.11017 7.27241 7.75610
7.24951 7.44421 7.92320
7.38678 7.61185 8.08533
7.52187 7.77508 8.24225
7.65465 7.93365 8.39370
7.78499 8.08733 8.53948
7.91278 8.23589 8.67936
8.03789 8.37914 8.81317
8.16020 8.51687 8.94072
8.27960 8.64892 9.06186
8.39597 8.77514 9.17647
8.50919 8.89537 9.28442
8.61915 9.00950 9.38563
8.72574 9.11742 9.48004
8.82884 9.21907 9.56758
8.92836 9.31437 9.64826
9.02417 9.40329 9.72206
9.11617 9.48581 9.78903
9.20427 9.56195 9.84921
9.28834 9.63173 9.90271
9.36830 9.69521 9.94963
9.44405 9.75248 9.99012
9.51548 9.80365 10.02437
9.58251 9.84885 10.05256
9.64503 9.88826 10.07496
9.70296 9.92207 10.09183
9.75620 9.95050 10.10348
9.80468 9.97382 10.11026
9.84829 9.99231 10.11255
9.88696 10.00630 10.11076
9.92062 10.01615 10.10536
9.94917 10.02223 10.09684
9.97254 10.02499 10.08573
9.99066 10.02487 10.07261
10.00345 10.02238 10.05810
10.01084 10.01805 10.04285
10.01278 10.01247 10.02758
10.00000 10.00000 10.00000

