0.00000 15.90023
0.00112 15.72471
0.00234 15.51654
0.00370 15.26352
0.00524 14.95155
0.00700 14.56526
0.00904 14.08903
0.01137 13.50865
0.01405 12.81369
0.01708 12.00035
0.02051 11.07422
0.02436 10.05215
0.02865 8.96229
0.03339 7.84174
0.03861 6.73202
0.04433 5.67325
0.05054 4.69879
0.05727 3.83156
0.06452 3.08289
0.07229 2.45359
0.08059 1.93647
0.08942 1.51936
0.09878 1.18783
0.10867 0.92722
0.11908 0.72396
0.13001 0.56625
0.14144 0.44421
0.15338 0.34983
0.16580 0.27678
0.17869 0.22011
0.19205 0.17601
0.20585 0.14153
0.22008 0.11445
0.23473 0.09307
0.24976 0.07608
0.26517 0.06250
0.28093 0.05156
0.29702 0.04269
0.31341 0.03545
0.33009 0.02948
0.34702 0.02452
0.36419 0.02036
0.38157 0.01683
0.39912 0.01381
0.41683 0.01122
0.43467 0.00897
0.45261 0.00707
0.47063 0.00556
0.48869 0.00465
0.50676 0.00461
0.52482 0.00549
0.54285 0.00704
0.56081 0.00907
0.57867 0.01151
0.59642 0.01441
0.61401 0.01783
0.63143 0.02191
0.64864 0.02682
0.66563 0.03279
0.68237 0.04012
0.69882 0.04923
0.71498 0.06063
0.73081 0.07505
0.74629 0.09345
0.76141 0.11714
0.77613 0.14789
0.79045 0.18816
0.80434 0.24132
0.81779 0.31204
0.83077 0.40679
0.84329 0.53453
0.85531 0.70762
0.86684 0.94291
0.87786 1.26308
0.88837 1.69785
0.89834 2.28462
0.90779 3.06766
0.91671 4.09433
0.92510 5.40672
0.93295 7.02786
0.94027 8.94401
0.94706 11.08906
0.95334 13.34040
0.95910 15.53466
0.96437 17.50242
0.96915 19.10908
0.97347 20.28376
0.97733 21.02508
0.98077 21.38601
0.98379 21.44902
0.98644 21.30276
0.98874 21.02648
0.99073 20.68249
0.99243 20.31475
0.99388 19.95068
0.99514 19.60418
0.99623 19.27875
0.99721 18.96995
0.99813 18.66741
1.00000 18.01651

