0.00000 0.00000 0.00000
0.00043 -0.00150 -0.00120
0.00092 -0.00300 -0.00239
0.00148 -0.00449 -0.00357
0.00209 -0.00598 -0.00474
0.00276 -0.00747 -0.00590
0.00350 -0.00895 -0.00706
0.00429 -0.01042 -0.00820
0.00515 -0.01189 -0.00933
0.00607 -0.01335 -0.01045
0.00704 -0.01481 -0.01155
0.00808 -0.01625 -0.01265
0.00918 -0.01769 -0.01373
0.01034 -0.01912 -0.01479
0.01155 -0.02054 -0.01584
0.01283 -0.02195 -0.01687
0.01417 -0.02334 -0.01789
0.01556 -0.02473 -0.01889
0.01702 -0.02610 -0.01987
0.01853 -0.02746 -0.02084
0.02011 -0.02880 -0.02178
0.02174 -0.03013 -0.02271
0.02343 -0.03145 -0.02361
0.02518 -0.03275 -0.02450
0.02699 -0.03403 -0.02536
0.02886 -0.03530 -0.02620
0.03079 -0.03655 -0.02702
0.03277 -0.03778 -0.02782
0.03482 -0.03900 -0.02859
0.03692 -0.04019 -0.02934
0.03908 -0.04137 -0.03006
0.04129 -0.04253 -0.03076
0.04357 -0.04366 -0.03143
0.04590 -0.04477 -0.03208
0.04829 -0.04587 -0.03270
0.05074 -0.04694 -0.03329
0.05325 -0.04798 -0.03386
0.05581 -0.04901 -0.03439
0.05843 -0.05001 -0.03490
0.06111 -0.05098 -0.03538
0.06385 -0.05193 -0.03582
0.06664 -0.05286 -0.03624
0.06949 -0.05376 -0.03663
0.07239 -0.05463 -0.03698
0.07535 -0.05548 -0.03730
0.07837 -0.05630 -0.03759
0.08144 -0.05709 -0.03785
0.08457 -0.05785 -0.03807
0.08776 -0.05858 -0.03826
0.09100 -0.05929 -0.03841
0.09430 -0.05996 -0.03853
0.09765 -0.06060 -0.03861
0.10106 -0.06122 -0.03866
0.10453 -0.06180 -0.03867
0.10805 -0.06235 -0.03864
0.11163 -0.06286 -0.03858
0.11526 -0.06335 -0.03848
0.11894 -0.06380 -0.03834
0.12268 -0.06422 -0.03816
0.12648 -0.06460 -0.03794
0.13033 -0.06495 -0.03768
0.13423 -0.06526 -0.03738
0.13819 -0.06554 -0.03705
0.14221 -0.06578 -0.03667
0.14628 -0.06599 -0.03625
0.15040 -0.06616 -0.03578
0.15457 -0.06629 -0.03528
0.15880 -0.06638 -0.03473
0.16309 -0.06644 -0.03414
0.16743 -0.06646 -0.03351
0.17182 -0.06644 -0.03283
0.17626 -0.06638 -0.03210
0.18076 -0.06628 -0.03134
0.18531 -0.06614 -0.03053
0.18991 -0.06596 -0.02967
0.19457 -0.06573 -0.02876
0.19928 -0.06547 -0.02781
0.20404 -0.06517 -0.02682
0.20886 -0.06482 -0.02577
0.21373 -0.06443 -0.02468
0.21865 -0.06400 -0.02354
0.22362 -0.06352 -0.02236
0.22864 -0.06301 -0.02112
0.23372 -0.06244 -0.01984
0.23885 -0.06184 -0.01850
0.24403 -0.06119 -0.01712
0.24926 -0.06049 -0.01569
0.25454 -0.05975 -0.01421
0.25988 -0.05896 -0.01267
0.26526 -0.05813 -0.01109
0.27070 -0.05725 -0.00945
0.27619 -0.05632 -0.00777
0.28173 -0.05534 -0.00603
0.28732 -0.05432 -0.00424
0.29296 -0.05325 -0.00239
0.29865 -0.05214 -0.00050
0.30439 -0.05097 0.00145
0.31018 -0.04976 0.00346
0.31603 -0.04849 0.00551
0.32192 -0.04718 0.00763
0.32786 -0.04582 0.00979
0.33385 -0.04441 0.01201
0.33990 -0.04294 0.01429
0.34599 -0.04143 0.01662
0.35213 -0.03987 0.01900
0.35832 -0.03825 0.02144
0.36456 -0.03658 0.02394
0.37085 -0.03487 0.02650
0.37719 -0.03310 0.02911
0.38357 -0.03127 0.03177
0.39001 -0.02940 0.03450
0.39649 -0.02747 0.03728
0.40302 -0.02549 0.04012
0.40961 -0.02345 0.04302
0.41624 -0.02136 0.04597
0.42291 -0.01922 0.04899
0.42964 -0.01702 0.05206
0.43641 -0.01477 0.05519
0.44323 -0.01247 0.05838
0.45010 -0.01011 0.06163
0.45702 -0.00769 0.06494
0.46398 -0.00522 0.06831
0.47100 -0.00269 0.07174
0.47805 -0.00011 0.07523
0.48516 0.00253 0.07878
0.49231 0.00523 0.08240
0.49951 0.00798 0.08607
0.50676 0.01079 0.08980
0.51405 0.01366 0.09360
0.52139 0.01658 0.09745
0.52877 0.01956 0.10137
0.53621 0.02260 0.10535
0.54368 0.02570 0.10939
0.55121 0.02885 0.11350
0.55878 0.03207 0.11766
0.56639 0.03534 0.12189
0.57405 0.03867 0.12618
0.58176 0.04206 0.13054
0.58951 0.04551 0.13496
0.59731 0.04902 0.13944
0.60515 0.05259 0.14398
0.61304 0.05621 0.14859
0.62097 0.05990 0.15327
0.62894 0.06365 0.15800
0.63696 0.06746 0.16280
0.64503 0.07133 0.16767
0.65314 0.07525 0.17260
0.66129 0.07924 0.17759
0.66949 0.08329 0.18265
0.67773 0.08741 0.18777
0.68602 0.09158 0.19296
0.69435 0.09581 0.19822
0.70272 0.10011 0.20354
0.71114 0.10447 0.20892
0.71960 0.10888 0.21437
0.72810 0.11337 0.21989
0.73664 0.11791 0.22547
0.74523 0.12252 0.23112
0.75386 0.12718 0.23683
0.76254 0.13191 0.24261
0.77126 0.13671 0.24845
0.78001 0.14156 0.25437
0.78882 0.14648 0.26035
0.79766 0.15146 0.26639
0.80655 0.15651 0.27250
0.81547 0.16162 0.27868
0.82444 0.16679 0.28493
0.83345 0.17202 0.29124
0.84251 0.17732 0.29762
0.85160 0.18268 0.30406
0.86074 0.18811 0.31057
0.86991 0.19360 0.31715
0.87913 0.19915 0.32380
0.88839 0.20477 0.33052
0.89769 0.21045 0.33730
0.90703 0.21620 0.34415
0.91641 0.22201 0.35107
0.92583 0.22789 0.35805
0.93529 0.23383 0.36510
0.94479 0.23983 0.37222
0.95433 0.24590 0.37941
0.96391 0.25203 0.38667
0.97353 0.25823 0.39399
0.98319 0.26450 0.40138
0.99289 0.27082 0.40884
1.00263 0.27722 0.41637
1.01241 0.28368 0.42396
1.02223 0.29020 0.43162
1.03208 0.29679 0.43935
1.04198 0.30344 0.44715
1.05191 0.31016 0.45502
1.06188 0.31694 0.46296
1.07189 0.32379 0.47096
1.08194 0.33071 0.47903
1.09203 0.33769 0.48717
1.10216 0.34474 0.49538
1.11232 0.35185 0.50365
1.12252 0.35903 0.51200
1.13276 0.36627 0.52041
1.14304 0.37358 0.52889
1.15335 0.38095 0.53744
1.16370 0.38839 0.54605
1.17409 0.39590 0.55474
1.18451 0.40347 0.56349
1.19498 0.41110 0.57231
1.20547 0.41881 0.58120
1.21601 0.42657 0.59016
1.22658 0.43441 0.59918
1.23719 0.44231 0.60828
1.24783 0.45027 0.61744
1.25851 0.45830 0.62667
1.26923 0.46640 0.63596
1.27998 0.47456 0.64533
1.29077 0.48279 0.65476
1.30159 0.49108 0.66426
1.31245 0.49944 0.67383
1.32335 0.50787 0.68347
1.33428 0.51636 0.69317
1.34524 0.52492 0.70294
1.35624 0.53354 0.71278
1.36727 0.54223 0.72269
1.37834 0.55098 0.73266
1.38945 0.55980 0.74270
1.40058 0.56868 0.75281
1.41176 0.57763 0.76299
1.42296 0.58665 0.77323
1.43420 0.59573 0.78354
1.44548 0.60488 0.79392
1.45678 0.61409 0.80437
1.46812 0.62336 0.81488
1.47950 0.63271 0.82546
1.49091 0.64211 0.83610
1.50235 0.65159 0.84682
1.51382 0.66112 0.85759
1.52533 0.67073 0.86844
1.53687 0.68039 0.87935
1.54844 0.69013 0.89033
1.56005 0.69992 0.90138
1.57168 0.70979 0.91249
1.58335 0.71971 0.92366
1.59505 0.72971 0.93491
1.60679 0.73976 0.94622
1.61855 0.74988 0.95759
1.63035 0.76007 0.96903
1.64218 0.77032 0.98054
1.65404 0.78063 0.99211
1.66593 0.79101 1.00375
1.67785 0.80145 1.01545
1.68981 0.81196 1.02722
1.70179 0.82253 1.03905
1.71381 0.83316 1.05095
1.72585 0.84386 1.06291
1.73793 0.85462 1.07494
1.75004 0.86545 1.08703
1.76218 0.87634 1.09918
1.77434 0.88729 1.11140
1.78654 0.89831 1.12369
1.79877 0.90938 1.13604
1.81102 0.92053 1.14845
1.82331 0.93173 1.16092
1.83563 0.94300 1.17346
1.84797 0.95433 1.18607
1.86035 0.96572 1.19873
1.87275 0.97718 1.21146
1.88518 0.98870 1.22426
1.89764 1.00028 1.23711
1.91013 1.01192 1.25003
1.92265 1.02363 1.26301
1.93520 1.03539 1.27605
1.94777 1.04722 1.28916
1.96037 1.05911 1.30233
1.97301 1.07107 1.31555
1.98566 1.08308 1.32885
1.99835 1.09515 1.34220
2.01106 1.10729 1.35561
2.02381 1.11949 1.36909
2.03657 1.13175 1.38262
2.04937 1.14406 1.39622
2.06219 1.15644 1.40988
2.07504 1.16888 1.42360
2.08792 1.18138 1.43738
2.10082 1.19394 1.45122
2.11375 1.20657 1.46512
2.12671 1.21925 1.47908
2.13969 1.23199 1.49309
2.15270 1.24479 1.50717
2.16573 1.25764 1.52131
2.17879 1.27056 1.53551
2.19188 1.28354 1.54976
2.20499 1.29658 1.56408
2.21812 1.30967 1.57845
2.23128 1.32283 1.59288
2.24447 1.33604 1.60737
2.25768 1.34931 1.62192
2.27092 1.36264 1.63652
2.28418 1.37602 1.65118
2.29746 1.38947 1.66590
2.31077 1.40297 1.68068
2.32411 1.41653 1.69551
2.33747 1.43015 1.71040
2.35085 1.44382 1.72535
2.36426 1.45755 1.74035
2.37769 1.47134 1.75541
2.39114 1.48518 1.77052
2.40462 1.49908 1.78569
2.41812 1.51304 1.80092
2.43164 1.52705 1.81620
2.44519 1.54112 1.83154
2.45876 1.55524 1.84693
2.47235 1.56942 1.86237
2.48596 1.58366 1.87787
2.49960 1.59795 1.89342
2.51326 1.61229 1.90903
2.52694 1.62669 1.92469
2.54065 1.64114 1.94040
2.55438 1.65565 1.95617
2.56812 1.67021 1.97199
2.58189 1.68483 1.98786
2.59568 1.69950 2.00378
2.60950 1.71422 2.01976
2.62333 1.72899 2.03579
2.63719 1.74382 2.05187
2.65106 1.75870 2.06800
2.66496 1.77363 2.08418
2.67888 1.78862 2.10041
2.69282 1.80366 2.11669
2.70677 1.81875 2.13303
2.72075 1.83389 2.14941
2.73475 1.84908 2.16585
2.74877 1.86432 2.18233
2.76281 1.87962 2.19886
2.77687 1.89496 2.21544
2.79095 1.91036 2.23207
2.80505 1.92580 2.24875
2.81917 1.94130 2.26548
2.83330 1.95685 2.28225
2.84746 1.97244 2.29908
2.86163 1.98809 2.31595
2.87583 2.00378 2.33286
2.89004 2.01952 2.34983
2.90427 2.03532 2.36684
2.91852 2.05115 2.38390
2.93279 2.06704 2.40100
2.94707 2.08298 2.41815
2.96138 2.09896 2.43534
2.97570 2.11499 2.45258
2.99004 2.13107 2.46987
3.00439 2.14720 2.48720
3.01877 2.16337 2.50457
3.03316 2.17959 2.52199
3.04757 2.19585 2.53945
3.06199 2.21216 2.55696
3.07644 2.22852 2.57451
3.09089 2.24492 2.59210
3.10537 2.26137 2.60974
3.11986 2.27786 2.62741
3.13437 2.29439 2.64513
3.14890 2.31097 2.66289
3.16344 2.32760 2.68070
3.17799 2.34427 2.69854
3.19257 2.36098 2.71642
3.20715 2.37773 2.73435
3.22176 2.39453 2.75232
3.23638 2.41138 2.77032
3.25101 2.42826 2.78837
3.26566 2.44519 2.80645
3.28033 2.46215 2.82458
3.29500 2.47916 2.84274
3.30970 2.49622 2.86094
3.32441 2.51331 2.87918
3.33913 2.53044 2.89746
3.35387 2.54762 2.91577
3.36862 2.56483 2.93413
3.38338 2.58209 2.95252
3.39816 2.59938 2.97094
3.41295 2.61671 2.98940
3.42776 2.63409 3.00790
3.44258 2.65150 3.02644
3.45741 2.66895 3.04501
3.47226 2.68644 3.06361
3.48712 2.70397 3.08225
3.50199 2.72153 3.10093
3.51688 2.73914 3.11964
3.53177 2.75678 3.13838
3.54668 2.77445 3.15715
3.56161 2.79217 3.17596
3.57654 2.80992 3.19481
3.59149 2.82771 3.21368
3.60644 2.84553 3.23259
3.62141 2.86339 3.25153
3.63640 2.88128 3.27050
3.65139 2.89921 3.28950
3.66639 2.91717 3.30853
3.68141 2.93517 3.32759
3.69644 2.95320 3.34669
3.71147 2.97126 3.36581
3.72652 2.98936 3.38496
3.74158 3.00749 3.40415
3.75665 3.02566 3.42336
3.77173 3.04386 3.44260
3.78682 3.06209 3.46187
3.80192 3.08035 3.48116
3.81703 3.09864 3.50049
3.83216 3.11697 3.51984
3.84729 3.13532 3.53921
3.86243 3.15371 3.55862
3.87757 3.17212 3.57805
3.89273 3.19057 3.59751
3.90790 3.20905 3.61699
3.92308 3.22755 3.63650
3.93826 3.24609 3.65603
3.95346 3.26465 3.67559
3.96866 3.28325 3.69517
3.98387 3.30187 3.71477
3.99909 3.32052 3.73440
4.01432 3.33920 3.75406
4.02956 3.35790 3.77373
4.04480 3.37663 3.79343
4.06005 3.39539 3.81315
4.07531 3.41417 3.83289
4.09058 3.43298 3.85265
4.10585 3.45182 3.87244
4.12113 3.47068 3.89224
4.13642 3.48957 3.91207
4.15172 3.50848 3.93191
4.16702 3.52742 3.95178
4.18233 3.54638 3.97167
4.19764 3.56536 3.99157
4.21296 3.58437 4.01149
4.22829 3.60340 4.03143
4.24363 3.62246 4.05139
4.25897 3.64154 4.07137
4.27431 3.66063 4.09136
4.28966 3.67976 4.11137
4.30502 3.69890 4.13140
4.32038 3.71806 4.15145
4.33575 3.73725 4.17151
4.35112 3.75645 4.19158
4.36650 3.77568 4.21167
4.38189 3.79492 4.23178
4.39727 3.81419 4.25190
4.41267 3.83348 4.27203
4.42806 3.85278 4.29218
4.44346 3.87210 4.31234
4.45887 3.89144 4.33251
4.47428 3.91080 4.35270
4.48969 3.93018 4.37290
4.50511 3.94957 4.39311
4.52053 3.96899 4.41333
4.53596 3.98841 4.43357
4.55138 4.00786 4.45381
4.56681 4.02732 4.47407
4.58225 4.04679 4.49433
4.59768 4.06629 4.51461
4.61312 4.08579 4.53489
4.62857 4.10531 4.55519
4.64401 4.12485 4.57549
4.65946 4.14440 4.59580
4.67491 4.16396 4.61612
4.69036 4.18354 4.63645
4.70582 4.20313 4.65678
4.72127 4.22273 4.67712
4.73673 4.24235 4.69747
4.75219 4.26197 4.71783
4.76765 4.28161 4.73819
4.78311 4.30126 4.75855
4.79857 4.32093 4.77892
4.81404 4.34060 4.79930
4.82950 4.36028 4.81968
4.84497 4.37997 4.84006
4.86043 4.39967 4.86045
4.87590 4.41939 4.88084
4.89137 4.43911 4.90123
4.90684 4.45884 4.92163
4.92230 4.47857 4.94203
4.93777 4.49832 4.96243
4.95324 4.51807 4.98283
4.96870 4.53783 5.00323
4.98417 4.55760 5.02364
4.99964 4.57738 5.04404
5.01510 4.59716 5.06444
5.03057 4.61694 5.08485
5.04603 4.63674 5.10525
5.06149 4.65653 5.12565
5.07695 4.67634 5.14606
5.09241 4.69614 5.16645
5.10787 4.71595 5.18685
5.12333 4.73577 5.20725
5.13878 4.75559 5.22764
5.15423 4.77541 5.24803
5.16968 4.79524 5.26841
5.18513 4.81506 5.28879
5.20058 4.83489 5.30917
5.21602 4.85473 5.32954
5.23146 4.87456 5.34991
5.24690 4.89440 5.37027
5.26233 4.91423 5.39063
5.27777 4.93407 5.41098
5.29319 4.95390 5.43132
5.30862 4.97374 5.45166
5.32404 4.99358 5.47199
5.33946 5.01341 5.49231
5.35488 5.03325 5.51262
5.37029 5.05308 5.53293
5.38569 5.07291 5.55322
5.40110 5.09274 5.57351
5.41649 5.11256 5.59379
5.43189 5.13239 5.61406
5.44728 5.15221 5.63432
5.46266 5.17202 5.65457
5.47804 5.19184 5.67480
5.49342 5.21165 5.69503
5.50879 5.23145 5.71525
5.52415 5.25125 5.73545
5.53951 5.27104 5.75564
5.55487 5.29083 5.77582
5.57021 5.31061 5.79598
5.58556 5.33039 5.81613
5.60089 5.35016 5.83627
5.61622 5.36992 5.85640
5.63155 5.38968 5.87651
5.64687 5.40943 5.89660
5.66218 5.42917 5.91668
5.67748 5.44890 5.93675
5.69278 5.46862 5.95680
5.70808 5.48834 5.97683
5.72336 5.50804 5.99685
5.73864 5.52774 6.01685
5.75391 5.54742 6.03683
5.76917 5.56710 6.05679
5.78443 5.58676 6.07674
5.79968 5.60642 6.09667
5.81492 5.62606 6.11658
5.83015 5.64569 6.13647
5.84537 5.66531 6.15634
5.86059 5.68492 6.17619
5.87580 5.70451 6.19602
5.89100 5.72409 6.21583
5.90619 5.74366 6.23563
5.92137 5.76322 6.25540
5.93654 5.78276 6.27514
5.95171 5.80228 6.29487
5.96686 5.82179 6.31457
5.98201 5.84129 6.33426
5.99715 5.86077 6.35392
6.01227 5.88024 6.37355
6.02739 5.89969 6.39316
6.04250 5.91912 6.41275
6.05760 5.93854 6.43232
6.07269 5.95794 6.45186
6.08776 5.97732 6.47137
6.10283 5.99669 6.49086
6.11789 6.01604 6.51033
6.13294 6.03537 6.52977
6.14797 6.05468 6.54918
6.16300 6.07397 6.56856
6.17801 6.09324 6.58792
6.19301 6.11250 6.60726
6.20801 6.13173 6.62656
6.22299 6.15094 6.64584
6.23796 6.17014 6.66508
6.25291 6.18931 6.68430
6.26786 6.20846 6.70349
6.28279 6.22759 6.72265
6.29772 6.24670 6.74179
6.31263 6.26578 6.76089
6.32752 6.28485 6.77996
6.34241 6.30389 6.79900
6.35728 6.32291 6.81801
6.37214 6.34190 6.83699
6.38699 6.36087 6.85594
6.40182 6.37982 6.87485
6.41664 6.39874 6.89374
6.43145 6.41764 6.91259
6.44625 6.43651 6.93140
6.46103 6.45536 6.95019
6.47580 6.47418 6.96894
6.49055 6.49298 6.98766
6.50529 6.51175 7.00634
6.52002 6.53049 7.02499
6.53473 6.54921 7.04360
6.54943 6.56789 7.06218
6.56411 6.58656 7.08073
6.57878 6.60519 7.09923
6.59343 6.62380 7.11771
6.60807 6.64238 7.13614
6.62270 6.66092 7.15454
6.63731 6.67944 7.17290
6.65190 6.69794 7.19123
6.66648 6.71640 7.20951
6.68105 6.73483 7.22776
6.69559 6.75323 7.24597
6.71013 6.77160 7.26414
6.72464 6.78994 7.28228
6.73915 6.80825 7.30037
6.75363 6.82653 7.31843
6.76810 6.84477 7.33644
6.78255 6.86299 7.35442
6.79699 6.88117 7.37235
6.81141 6.89932 7.39024
6.82581 6.91743 7.40810
6.84020 6.93552 7.42591
6.85457 6.95357 7.44368
6.86892 6.97158 7.46141
6.88325 6.98956 7.47909
6.89757 7.00751 7.49674
6.91187 7.02543 7.51434
6.92615 7.04330 7.53190
6.94042 7.06115 7.54941
6.95467 7.07895 7.56688
6.96889 7.09672 7.58431
6.98311 7.11446 7.60169
6.99730 7.13216 7.61903
7.01147 7.14982 7.63632
7.02563 7.16745 7.65357
7.03977 7.18504 7.67078
7.05388 7.20259 7.68793
7.06798 7.22010 7.70505
7.08207 7.23757 7.72211
7.09613 7.25501 7.73913
7.11017 7.27241 7.75610
7.12419 7.28977 7.77303
7.13820 7.30709 7.78991
7.15218 7.32437 7.80674
7.16614 7.34161 7.82352
7.18009 7.35881 7.84026
7.19401 7.37597 7.85694
7.20792 7.39309 7.87358
7.22180 7.41017 7.89017
7.23566 7.42721 7.90671
7.24951 7.44421 7.92320
7.26333 7.46116 7.93964
7.27713 7.47808 7.95603
7.29091 7.49495 7.97237
7.30467 7.51178 7.98866
7.31841 7.52857 8.00490
7.33213 7.54531 8.02109
7.34582 7.56201 8.03723
7.35950 7.57867 8.05332
7.37315 7.59528 8.06935
7.38678 7.61185 8.08533
7.40039 7.62838 8.10126
7.41398 7.64486 8.11714
7.42754 7.66130 8.13297
7.44109 7.67769 8.14874
7.45461 7.69404 8.16446
7.46811 7.71034 8.18012
7.48158 7.72659 8.19574
7.49503 7.74280 8.21129
7.50846 7.75897 8.22680
7.52187 7.77508 8.24225
7.53526 7.79115 8.25764
7.54862 7.80718 8.27298
7.56195 7.82315 8.28827
7.57527 7.83908 8.30350
7.58856 7.85497 8.31867
7.60182 7.87080 8.33379
7.61507 7.88659 8.34885
7.62828 7.90232 8.36386
7.64148 7.91801 8.37881
7.65465 7.93365 8.39370
7.66779 7.94925 8.40854
7.68092 7.96479 8.42332
7.69401 7.98028 8.43804
7.70708 7.99572 8.45271
7.72013 8.01112 8.46731
7.73315 8.02646 8.48186
7.74615 8.04176 8.49635
7.75912 8.05700 8.51079
7.77207 8.07219 8.52516
7.78499 8.08733 8.53948
7.79789 8.10242 8.55373
7.81076 8.11746 8.56793
7.82360 8.13245 8.58207
7.83642 8.14738 8.59615
7.84921 8.16227 8.61017
7.86198 8.17710 8.62413
7.87472 8.19188 8.63803
7.88743 8.20660 8.65187
7.90012 8.22127 8.66564
7.91278 8.23589 8.67936
7.92541 8.25046 8.69302
7.93802 8.26498 8.70661
7.95060 8.27944 8.72015
7.96315 8.29384 8.73362
7.97567 8.30819 8.74704
7.98817 8.32249 8.76039
8.00064 8.33674 8.77367
8.01308 8.35092 8.78690
8.02550 8.36506 8.80006
8.03789 8.37914 8.81317
8.05024 8.39316 8.82620
8.06258 8.40713 8.83918
8.07488 8.42105 8.85209
8.08715 8.43490 8.86495
8.09940 8.44871 8.87773
8.11162 8.46245 8.89046
8.12381 8.47614 8.90312
8.13597 8.48978 8.91571
8.14810 8.50335 8.92825
8.16020 8.51687 8.94072
8.17227 8.53034 8.95312
8.18432 8.54374 8.96546
8.19633 8.55709 8.97774
8.20831 8.57039 8.98995
8.22027 8.58362 9.00210
8.23220 8.59680 9.01418
8.24409 8.60992 9.02620
8.25596 8.62298 9.03815
8.26779 8.63598 9.05004
8.27960 8.64892 9.06186
8.29137 8.66181 9.07362
8.30312 8.67464 9.08531
8.31483 8.68741 9.09694
8.32652 8.70012 9.10850
8.33817 8.71277 9.11999
8.34979 8.72536 9.13142
8.36138 8.73789 9.14278
8.37294 8.75037 9.15408
8.38447 8.76278 9.16531
8.39597 8.77514 9.17647
8.40743 8.78743 9.18756
8.41887 8.79966 9.19859
8.43027 8.81184 9.20956
8.44164 8.82395 9.22045
8.45298 8.83601 9.23128
8.46428 8.84800 9.24205
8.47556 8.85993 9.25274
8.48680 8.87180 9.26337
8.49801 8.88362 9.27393
8.50919 8.89537 9.28442
8.52033 8.90706 9.29485
8.53144 8.91868 9.30521
8.54252 8.93025 9.31550
8.55357 8.94176 9.32572
8.56458 8.95320 9.33588
8.57556 8.96458 9.34596
8.58651 8.97590 9.35598
8.59742 8.98716 9.36594
8.60830 8.99836 9.37582
8.61915 9.00950 9.38563
8.62996 9.02057 9.39538
8.64074 9.03158 9.40506
8.65149 9.04253 9.41467
8.66220 9.05342 9.42422
8.67287 9.06424 9.43369
8.68352 9.07500 9.44310
8.69412 9.08570 9.45243
8.70470 9.09634 9.46170
8.71524 9.10691 9.47090
8.72574 9.11742 9.48004
8.73621 9.12787 9.48910
8.74664 9.13826 9.49810
8.75704 9.14858 9.50702
8.76741 9.15884 9.51588
8.77773 9.16903 9.52467
8.78803 9.17917 9.53339
8.79829 9.18924 9.54204
8.80851 9.19924 9.55062
8.81869 9.20919 9.55914
8.82884 9.21907 9.56758
8.83896 9.22888 9.57596
8.84904 9.23864 9.58427
8.85908 9.24833 9.59251
8.86909 9.25795 9.60068
8.87906 9.26751 9.60878
8.88899 9.27701 9.61681
8.89889 9.28645 9.62478
8.90875 9.29582 9.63267
8.91857 9.30512 9.64050
8.92836 9.31437 9.64826
8.93811 9.32355 9.65595
8.94782 9.33266 9.66357
8.95749 9.34172 9.67112
8.96713 9.35070 9.67860
8.97673 9.35963 9.68602
8.98630 9.36849 9.69336
8.99582 9.37728 9.70064
9.00531 9.38602 9.70785
9.01476 9.39468 9.71499
9.02417 9.40329 9.72206
9.03354 9.41183 9.72906
9.04288 9.42030 9.73600
9.05217 9.42872 9.74287
9.06143 9.43707 9.74966
9.07065 9.44535 9.75639
9.07984 9.45357 9.76306
9.08898 9.46173 9.76965
9.09808 9.46982 9.77618
9.10715 9.47785 9.78264
9.11617 9.48581 9.78903
9.12516 9.49371 9.79535
9.13411 9.50155 9.80160
9.14302 9.50932 9.80779
9.15189 9.51703 9.81391
9.16072 9.52468 9.81996
9.16950 9.53226 9.82595
9.17825 9.53978 9.83186
9.18697 9.54723 9.83771
9.19564 9.55462 9.84350
9.20427 9.56195 9.84921
9.21286 9.56921 9.85486
9.22141 9.57641 9.86044
9.22992 9.58355 9.86596
9.23838 9.59062 9.87141
9.24681 9.59763 9.87679
9.25520 9.60458 9.88211
9.26355 9.61146 9.88736
9.27185 9.61828 9.89254
9.28012 9.62503 9.89766
9.28834 9.63173 9.90271
9.29653 9.63836 9.90770
9.30467 9.64493 9.91262
9.31277 9.65143 9.91747
9.32083 9.65787 9.92226
9.32884 9.66425 9.92698
9.33682 9.67057 9.93164
9.34475 9.67682 9.93624
9.35265 9.68301 9.94077
9.36050 9.68914 9.94523
9.36830 9.69521 9.94963
9.37607 9.70122 9.95397
9.38379 9.70716 9.95824
9.39148 9.71304 9.96245
9.39911 9.71886 9.96659
9.40671 9.72462 9.97067
9.41426 9.73031 9.97469
9.42178 9.73595 9.97864
9.42924 9.74152 9.98253
9.43667 9.74703 9.98636
9.44405 9.75248 9.99012
9.45139 9.75787 9.99383
9.45869 9.76320 9.99747
9.46594 9.76847 10.00104
9.47315 9.77367 10.00456
9.48031 9.77882 10.00801
9.48743 9.78391 10.01141
9.49451 9.78893 10.01474
9.50155 9.79390 10.01801
9.50854 9.79880 10.02122
9.51548 9.80365 10.02437
9.52239 9.80843 10.02745
9.52925 9.81316 10.03048
9.53606 9.81783 10.03345
9.54283 9.82244 10.03636
9.54955 9.82699 10.03921
9.55623 9.83148 10.04199
9.56287 9.83591 10.04472
9.56946 9.84028 10.04740
9.57601 9.84460 10.05001
9.58251 9.84885 10.05256
9.58897 9.85305 10.05506
9.59538 9.85719 10.05750
9.60174 9.86128 10.05988
9.60806 9.86530 10.06220
9.61434 9.86927 10.06447
9.62057 9.87318 10.06668
9.62675 9.87704 10.06883
9.63289 9.88083 10.07093
9.63898 9.88457 10.07297
9.64503 9.88826 10.07496
9.65103 9.89189 10.07689
9.65699 9.89546 10.07877
9.66290 9.89898 10.08059
9.66876 9.90244 10.08235
9.67458 9.90585 10.08407
9.68035 9.90920 10.08572
9.68607 9.91250 10.08733
9.69175 9.91574 10.08888
9.69738 9.91893 10.09038
9.70296 9.92207 10.09183
9.70850 9.92515 10.09322
9.71399 9.92818 10.09457
9.71943 9.93115 10.09586
9.72482 9.93407 10.09710
9.73017 9.93694 10.09829
9.73547 9.93976 10.09942
9.74073 9.94252 10.10051
9.74593 9.94523 10.10155
9.75109 9.94789 10.10254
9.75620 9.95050 10.10348
9.76127 9.95306 10.10437
9.76628 9.95557 10.10521
9.77125 9.95802 10.10601
9.77617 9.96043 10.10676
9.78104 9.96278 10.10746
9.78587 9.96509 10.10811
9.79064 9.96735 10.10872
9.79537 9.96955 10.10928
9.80005 9.97171 10.10979
9.80468 9.97382 10.11026
9.80926 9.97588 10.11068
9.81379 9.97790 10.11106
9.81827 9.97986 10.11140
9.82271 9.98178 10.11169
9.82710 9.98365 10.11194
9.83143 9.98548 10.11215
9.83572 9.98725 10.11231
9.83996 9.98899 10.11243
9.84415 9.99067 10.11251
9.84829 9.99231 10.11255
9.85238 9.99391 10.11254
9.85642 9.99546 10.11250
9.86042 9.99697 10.11242
9.86436 9.99843 10.11230
9.86825 9.99985 10.11214
9.87209 10.00123 10.11194
9.87589 10.00256 10.11170
9.87963 10.00385 10.11142
9.88332 10.00510 10.11111
9.88696 10.00630 10.11076
9.89056 10.00747 10.11038
9.89410 10.00859 10.10996
9.89759 10.00968 10.10950
9.90103 10.01072 10.10901
9.90442 10.01172 10.10848
9.90776 10.01268 10.10792
9.91105 10.01361 10.10733
9.91429 10.01449 10.10671
9.91748 10.01534 10.10605
9.92062 10.01615 10.10536
9.92370 10.01692 10.10464
9.92674 10.01765 10.10389
9.92972 10.01835 10.10311
9.93265 10.01901 10.10230
9.93553 10.01963 10.10146
9.93836 10.02022 10.10059
9.94114 10.02078 10.09969
9.94387 10.02130 10.09877
9.94654 10.02178 10.09781
9.94917 10.02223 10.09684
9.95174 10.02265 10.09583
9.95426 10.02304 10.09480
9.95672 10.02339 10.09375
9.95914 10.02371 10.09267
9.96150 10.02400 10.09157
9.96381 10.02426 10.09044
9.96607 10.02448 10.08930
9.96828 10.02468 10.08813
9.97044 10.02485 10.08694
9.97254 10.02499 10.08573
9.97459 10.02510 10.08449
9.97658 10.02518 10.08324
9.97853 10.02523 10.08197
9.98042 10.02526 10.08069
9.98226 10.02526 10.07938
9.98404 10.02523 10.07806
9.98578 10.02518 10.07672
9.98746 10.02510 10.07536
9.98908 10.02500 10.07399
9.99066 10.02487 10.07261
9.99218 10.02472 10.07121
9.99364 10.02454 10.06980
9.99506 10.02435 10.06837
9.99642 10.02413 10.06693
9.99772 10.02389 10.06548
9.99897 10.02363 10.06403
10.00017 10.02334 10.06256
10.00132 10.02304 10.06108
10.00241 10.02272 10.05959
10.00345 10.02238 10.05810
10.00443 10.02202 10.05659
10.00536 10.02164 10.05508
10.00624 10.02125 10.05357
10.00706 10.02084 10.05205
10.00782 10.02041 10.05052
10.00854 10.01997 10.04899
10.00920 10.01951 10.04746
10.00980 10.01904 10.04593
10.01035 10.01855 10.04439
10.01084 10.01805 10.04285
10.01128 10.01754 10.04131
10.01167 10.01702 10.03978
10.01200 10.01648 10.03824
10.01228 10.01594 10.03671
10.01250 10.01538 10.03518
10.01266 10.01481 10.03365
10.01278 10.01424 10.03212
10.01283 10.01366 10.03060
10.01283 10.01307 10.02909
10.01278 10.01247 10.02758
10.01267 10.01186 10.02608
10.01250 10.01125 10.02459
10.01228 10.01064 10.02311
10.01201 10.01001 10.02163
10.01168 10.00939 10.02017
10.01129 10.00876 10.01872
10.01085 10.00813 10.01728
10.01035 10.00750 10.01585
10.00979 10.00687 10.01443
10.00918 10.00623 10.01303
10.00852 10.00560 10.01165
10.00780 10.00496 10.01028
10.00702 10.00433 10.00893
10.00618 10.00370 10.00759
10.00529 10.00307 10.00628
10.00435 10.00245 10.00498
10.00335 10.00183 10.00370
10.00229 10.00121 10.00245
10.00117 10.00060 10.00121

