0.00000 0.00697
0.00112 0.00562
0.00234 0.00409
0.00370 0.00232
0.00524 0.00024
0.00700 -0.00222
0.00904 -0.00512
0.01137 -0.00850
0.01405 -0.01236
0.01708 -0.01667
0.02051 -0.02133
0.02436 -0.02619
0.02865 -0.03104
0.03339 -0.03564
0.03861 -0.03977
0.04433 -0.04322
0.05054 -0.04587
0.05727 -0.04768
0.06452 -0.04868
0.07229 -0.04896
0.08059 -0.04867
0.08942 -0.04795
0.09878 -0.04695
0.10867 -0.04580
0.11908 -0.04462
0.13001 -0.04348
0.14144 -0.04247
0.15338 -0.04165
0.16580 -0.04105
0.17869 -0.04071
0.19205 -0.04069
0.20585 -0.04102
0.22008 -0.04175
0.23473 -0.04296
0.24976 -0.04471
0.26517 -0.04715
0.28093 -0.05042
0.29702 -0.05477
0.31341 -0.06052
0.33009 -0.06819
0.34702 -0.07854
0.36419 -0.09277
0.38157 -0.11286
0.39912 -0.14219
0.41683 -0.18674
0.43467 -0.25735
0.45261 -0.37216
0.47063 -0.54769
0.48869 -0.72454
0.50676 -0.68983
0.52482 -0.45973
0.54285 -0.26462
0.56081 -0.15037
0.57867 -0.08651
0.59642 -0.04930
0.61401 -0.02626
0.63143 -0.01110
0.64864 -0.00051
0.66563 0.00732
0.68237 0.01344
0.69882 0.01850
0.71498 0.02290
0.73081 0.02691
0.74629 0.03072
0.76141 0.03447
0.77613 0.03826
0.79045 0.04215
0.80434 0.04621
0.81779 0.05045
0.83077 0.05487
0.84329 0.05943
0.85531 0.06401
0.86684 0.06845
0.87786 0.07244
0.88837 0.07555
0.89834 0.07717
0.90779 0.07651
0.91671 0.07264
0.92510 0.06462
0.93295 0.05171
0.94027 0.03369
0.94706 0.01116
0.95334 -0.01436
0.95910 -0.04061
0.96437 -0.06510
0.96915 -0.08577
0.97347 -0.10141
0.97733 -0.11181
0.98077 -0.11754
0.98379 -0.11958
0.98644 -0.11902
0.98874 -0.11681
0.99073 -0.11372
0.99243 -0.11028
0.99388 -0.10681
0.99514 -0.10348
0.99623 -0.10035
0.99721 -0.09737
0.99813 -0.09446
1.00000 -0.08823

