0.97668 0.11582 0.18078
0.87815 0.31217 0.35487
0.72728 0.46463 0.48461
0.55849 0.56855 0.56844
0.39725 0.63060 0.61455
0.25762 0.66176 0.63412
0.14496 0.67265 0.63739
0.05960 0.67183 0.63228
-0.00051 0.66552 0.62436
-0.03822 0.65803 0.61740
-0.05642 0.65231 0.61390
-0.05773 0.65031 0.61547
-0.04438 0.65337 0.62315
-0.01824 0.66238 0.63762
0.01915 0.67792 0.65931
0.06652 0.70042 0.68847
0.12281 0.73014 0.72527
0.18716 0.76727 0.76977
0.25883 0.81193 0.82200
0.33720 0.86417 0.88193
0.42174 0.92404 0.94952
0.51201 0.99152 1.02466
0.60758 1.06660 1.10726
0.70811 1.14923 1.19717
0.81329 1.23934 1.29424
0.92283 1.33686 1.39828
1.03646 1.44169 1.50909
1.15396 1.55373 1.62644
1.27511 1.67287 1.75009
1.39971 1.79898 1.87975
1.52757 1.93193 2.01512
1.65853 2.07159 2.15587
1.79245 2.21783 2.30163
1.92919 2.37053 2.45199
2.06864 2.52955 2.60652
2.21072 2.69481 2.76469
2.35541 2.86621 2.92595
2.50269 3.04370 3.08964
2.65266 3.22727 3.25498
2.80550 3.41694 3.42108
2.96156 3.61283 3.58681
3.12142 3.81511 3.75080
3.28607 4.02403 3.91130
3.45710 4.23984 4.06603
3.63711 4.46270 4.21209
3.83032 4.69225 4.34578
4.04341 4.92675 4.46291
4.28613 5.16121 4.56005
4.57000 5.38469 4.63821
4.90116 5.57949 4.70909
5.26705 5.72936 4.79718
5.63345 5.83604 4.92590
5.96673 5.92132 5.09868
6.25462 6.00833 5.30137
6.50225 6.10877 5.51772
6.71992 6.22468 5.73708
6.91659 6.35381 5.95394
7.09856 6.49294 6.16585
7.27001 6.63906 6.37182
7.43356 6.78967 6.57148
7.59093 6.94282 6.76471
7.74319 7.09695 6.95148
7.89102 7.25081 7.13176
8.03486 7.40341 7.30550
8.17497 7.55391 7.47263
8.31150 7.70162 7.63307
8.44450 7.84594 7.78671
8.57397 7.98636 7.93342
8.69989 8.12242 8.07308
8.82216 8.25373 8.20556
8.94069 8.37992 8.33074
9.05534 8.50068 8.44848
9.16597 8.61570 8.55867
9.27240 8.72475 8.66121
9.37443 8.82756 8.75599
9.47184 8.92395 8.84293
9.56437 9.01370 8.92196
9.65174 9.09665 8.99304
9.73363 9.17266 9.05612
9.80966 9.24158 9.11121
9.87938 9.30329 9.15833
9.94228 9.35771 9.19753
9.99774 9.40474 9.22891
10.04502 9.44434 9.25263
10.08321 9.47648 9.26895
10.11120 9.50117 9.27822
10.12763 9.51850 9.28100
10.13079 9.52866 9.27808
10.11857 9.53201 9.27068
10.08840 9.52921 9.26066
10.03720 9.52142 9.25082
9.96154 9.51061 9.24547
9.85805 9.50009 9.25110
9.72464 9.49518 9.27720
9.56293 9.50407 9.33681
9.38254 9.53800 9.44558
9.20645 9.60961 9.61716
9.07301 9.72738 9.85320
9.02618 9.88677 10.13164
9.25666 10.23167 10.62751

