-0.06737 -0.63417 0.77025
-0.07563 -0.65264 0.75417
-0.07428 -0.67272 0.73747
-0.06319 -0.69237 0.72210
-0.04306 -0.70996 0.70955
-0.01486 -0.72436 0.70084
0.02050 -0.73483 0.69662
0.06229 -0.74088 0.69733
0.10995 -0.74216 0.70328
0.16310 -0.73839 0.71474
0.22141 -0.72931 0.73194
0.28465 -0.71471 0.75509
0.35262 -0.69436 0.78438
0.42516 -0.66809 0.81998
0.50211 -0.63571 0.86206
0.58333 -0.59708 0.91074
0.66867 -0.55205 0.96616
0.75799 -0.50050 1.02839
0.85116 -0.44236 1.09750
0.94803 -0.37754 1.17355
1.04847 -0.30599 1.25655
1.15231 -0.22767 1.34650
1.25942 -0.14259 1.44338
1.36963 -0.05074 1.54714
1.48278 0.04784 1.65772
1.59871 0.15312 1.77503
1.71724 0.26503 1.89895
1.83819 0.38349 2.02938
1.96137 0.50842 2.16615
2.08656 0.63972 2.30910
2.21356 0.77728 2.45806
2.34212 0.92099 2.61284
2.47199 1.07074 2.77321
2.60289 1.22642 2.93896
2.73448 1.38793 3.10985
2.86642 1.55521 3.28562
2.99829 1.72821 3.46600
3.12960 1.90695 3.65069
3.25978 2.09153 3.83938
3.38810 2.28216 4.03168
3.51372 2.47924 4.22718
3.63556 2.68343 4.42530
3.75225 2.89581 4.62529
3.86213 3.11807 4.82602
3.96317 3.35284 5.02566
4.05323 3.60414 5.22118
4.13069 3.87775 5.40735
4.19644 4.18099 5.57550
4.25784 4.52019 5.71301
4.33303 4.89312 5.80733
4.44708 5.27972 5.85806
4.61312 5.64682 5.88669
4.81944 5.97124 5.92405
5.04274 6.25167 5.98849
5.26561 6.49873 6.08221
5.48012 6.72360 6.19963
5.68418 6.93413 6.33395
5.87819 7.13508 6.47947
6.06332 7.32915 6.63195
6.24075 7.51780 6.78834
6.41154 7.70179 6.94639
6.57650 7.88144 7.10447
6.73626 8.05687 7.26133
6.89129 8.22805 7.41598
7.04193 8.39486 7.56766
7.18844 8.55714 7.71574
7.33098 8.71471 7.85968
7.46967 8.86739 7.99904
7.60459 9.01499 8.13344
7.73575 9.15731 8.26257
7.86318 9.29419 8.38614
7.98684 9.42546 8.50393
8.10672 9.55098 8.61575
8.22276 9.67060 8.72142
8.33491 9.78422 8.82083
8.44309 9.89175 8.91389
8.54724 9.99312 9.00054
8.64726 10.08827 9.08076
8.74307 10.17719 9.15456
8.83458 10.25989 9.22200
8.92170 10.33638 9.28317
9.00433 10.40674 9.33818
9.08238 10.47107 9.38723
9.15575 10.52949 9.43054
9.22436 10.58220 9.46839
9.28815 10.62940 9.50111
9.34705 10.67138 9.52912
9.40106 10.70847 9.55292
9.45023 10.74109 9.57306
9.49471 10.76974 9.59023
9.53483 10.79502 9.60519
9.57116 10.81761 9.61878
9.60469 10.83831 9.63183
9.63696 10.85791 9.64499
9.67024 10.87705 9.65840
9.70742 10.89580 9.67104
9.75123 10.91317 9.68009
9.80246 10.92661 9.68078
9.85761 10.93254 9.66787
9.94528 10.91390 9.59777

