1.03472 0.00125 0.96402
1.06807 0.00500 0.92693
1.09991 0.01123 0.88887
1.13012 0.01992 0.84997
1.15859 0.03104 0.81038
1.18522 0.04454 0.77025
1.20991 0.06037 0.72973
1.23255 0.07849 0.68898
1.25307 0.09880 0.64815
1.27140 0.12125 0.60738
1.28745 0.14575 0.56684
1.30118 0.17220 0.52667
1.31252 0.20051 0.48702
1.32144 0.23056 0.44805
1.32791 0.26226 0.40990
1.33189 0.29547 0.37272
1.33338 0.33007 0.33664
1.33237 0.36594 0.30179
1.32886 0.40293 0.26831
1.32286 0.44092 0.23633
1.31441 0.47975 0.20597
1.30352 0.51928 0.17733
1.29025 0.55937 0.15053
1.27463 0.59986 0.12566
1.25674 0.64060 0.10283
1.23663 0.68144 0.08211
1.21438 0.72223 0.06358
1.19008 0.76281 0.04731
1.16381 0.80302 0.03337
1.13568 0.84273 0.02181
1.10579 0.88177 0.01266
1.07425 0.92001 0.00597
1.04119 0.95730 0.00176
1.00671 0.99350 0.00004
0.97097 1.02847 0.00083
0.93408 1.06209 0.00411
0.89619 1.09422 0.00988
0.85743 1.12475 0.01811
0.81796 1.15356 0.02877
0.77793 1.18055 0.04183
0.73747 1.20560 0.05723
0.69676 1.22864 0.07492
0.65592 1.24957 0.09483
0.61513 1.26831 0.11689
0.57453 1.28479 0.14100
0.53428 1.29896 0.16709
0.49453 1.31075 0.19506
0.45542 1.32013 0.22479
0.41710 1.32706 0.25618
0.37972 1.33151 0.28912
0.34342 1.33346 0.32346
0.30833 1.33292 0.35910
0.27458 1.32987 0.39589
0.24230 1.32434 0.43370
0.21162 1.31634 0.47238
0.18265 1.30591 0.51179
0.15549 1.29307 0.55178
0.13024 1.27789 0.59220
0.10701 1.26041 0.63290
0.08589 1.24071 0.67373
0.06694 1.21885 0.71453
0.05024 1.19492 0.75515
0.03585 1.16901 0.79544
0.02383 1.14122 0.83525
0.01422 1.11165 0.87442
0.00706 1.08040 0.91282
0.00237 1.04761 0.95029
0.00018 1.01339 0.98670
0.00049 0.97786 1.02191
0.00329 0.94117 1.05578
0.00859 0.90345 1.08820
0.01635 0.86484 1.11903
0.02656 0.82549 1.14817
0.03916 0.78555 1.17550
0.05412 0.74515 1.20092
0.07138 0.70447 1.22433
0.09087 0.66364 1.24566
0.11252 0.62282 1.26481
0.13626 0.58217 1.28172
0.16198 0.54184 1.29632
0.18959 0.50197 1.30856
0.21900 0.46273 1.31839
0.25008 0.42425 1.32578
0.28273 0.38668 1.33069
0.31682 0.35016 1.33312
0.35222 0.31482 1.33304
0.38880 0.28081 1.33046
0.42642 0.24825 1.32539
0.46495 0.21726 1.31785
0.50423 0.18795 1.30787
0.54412 0.16044 1.29548
0.58447 0.13483 1.28074
0.62513 0.11121 1.26368
0.66595 0.08968 1.24439
0.70677 0.07032 1.22294
0.74743 0.05319 1.19939
0.78780 0.03836 1.17385
0.82771 0.02589 1.14640
0.86702 0.01583 1.11716
0.90557 0.00821 1.08622

